MSG	11548948 TRIAL 18 START
MSG	11550848 DRIFTCORRECT L LEFT  at 960,540  OFFSET 0.83 deg.  -32.2,-7.0 pix.
MSG	11551606 RECCFG P 500 2 1 
MSG	11551606 GAZE_COORDS 0.00 0.00 1919.00 1079.00
MSG	11551607 !MODE RECORD P 500 2 1
START	11551608 	LEFT	SAMPLES	EVENTS
PRESCALER	1
VPRESCALER	1
PUPIL	AREA
EVENTS	GAZE	LEFT	RATE	 500.00	TRACKING	P	FILTER	2
SAMPLES	GAZE	LEFT	RATE	 500.00	TRACKING	P	FILTER	2
11551608	  622.2	  462.3	  491.0	.
11551610	  622.3	  462.4	  491.0	.
11551612	  622.6	  462.6	  491.0	.
11551614	  622.5	  463.3	  491.0	.
SFIX L   11551616
11551616	  622.4	  463.5	  490.0	.
11551618	  622.4	  464.6	  491.0	.
11551620	  622.4	  465.1	  491.0	.
11551622	  622.4	  465.1	  490.0	.
11551624	  622.4	  465.4	  490.0	.
11551626	  622.5	  465.3	  489.0	.
11551628	  622.4	  465.4	  489.0	.
11551630	  622.1	  464.6	  489.0	.
11551632	  622.7	  464.0	  489.0	.
11551634	  623.2	  463.5	  489.0	.
11551636	  623.5	  463.2	  490.0	.
11551638	  623.7	  463.1	  490.0	.
11551640	  624.1	  462.7	  490.0	.
11551642	  624.3	  462.2	  490.0	.
11551644	  624.1	  462.4	  490.0	.
11551646	  623.7	  462.4	  490.0	.
11551648	  624.2	  462.3	  490.0	.
11551650	  624.6	  462.2	  490.0	.
11551652	  625.0	  462.1	  490.0	.
11551654	  624.6	  462.4	  490.0	.
11551656	  624.5	  461.9	  491.0	.
11551658	  624.3	  461.3	  491.0	.
11551660	  624.2	  459.9	  491.0	.
11551662	  624.6	  460.0	  491.0	.
11551664	  625.1	  460.0	  491.0	.
11551666	  625.1	  459.9	  491.0	.
11551668	  625.0	  460.0	  491.0	.
11551670	  624.8	  460.1	  491.0	.
11551672	  624.7	  460.3	  491.0	.
11551674	  624.5	  460.4	  491.0	.
11551676	  624.6	  460.6	  490.0	.
11551678	  624.4	  460.2	  487.0	.
11551680	  624.2	  459.8	  486.0	.
11551682	  624.2	  460.8	  486.0	.
11551684	  624.2	  461.7	  486.0	.
11551686	  624.0	  462.2	  487.0	.
11551688	  623.9	  462.7	  487.0	.
11551690	  623.8	  462.7	  487.0	.
11551692	  623.3	  462.8	  486.0	.
11551694	  623.3	  463.4	  486.0	.
11551696	  623.0	  463.2	  487.0	.
11551698	  623.0	  463.7	  487.0	.
11551700	  623.1	  463.6	  489.0	.
11551702	  622.5	  464.1	  489.0	.
11551704	  622.5	  464.5	  489.0	.
11551706	  622.6	  464.8	  488.0	.
11551708	  622.7	  464.8	  487.0	.
11551710	  624.6	  465.3	  486.0	.
EFIX L   11551616	11551710	96	  623.6	  462.6	    489
SSACC L  11551712
11551712	  624.7	  465.8	  486.0	.
11551714	  634.4	  466.0	  486.0	.
MSG	11551716 Start Recording with 0
MSG	11551716 SYNCTIME
11551716	  645.7	  466.3	  487.0	.
11551718	  653.0	  468.5	  488.0	.
11551720	  671.4	  470.8	  488.0	.
11551722	  688.0	  471.7	  488.0	.
11551724	  703.5	  472.4	  490.0	.
11551726	  723.1	  473.3	  492.0	.
11551728	  737.2	  474.1	  494.0	.
11551730	  750.6	  481.4	  494.0	.
11551732	  766.5	  481.7	  494.0	.
MSG	11551733 DSP: FIXATION
11551734	  779.2	  482.0	  494.0	.
11551736	  794.9	  488.0	  494.0	.
11551738	  807.9	  489.6	  494.0	.
11551740	  819.0	  493.3	  494.0	.
11551742	  840.5	  493.8	  494.0	.
11551744	  848.6	  495.9	  493.0	.
11551746	  862.0	  503.9	  495.0	.
11551748	  873.2	  509.4	  495.0	.
11551750	  884.5	  520.7	  495.0	.
11551752	  895.4	  522.7	  495.0	.
11551754	  907.2	  529.9	  496.0	.
11551756	  913.0	  535.2	  498.0	.
11551758	  922.7	  537.4	  498.0	.
11551760	  931.5	  538.5	  499.0	.
11551762	  940.7	  539.6	  499.0	.
11551764	  944.7	  540.9	  500.0	.
11551766	  958.8	  542.2	  500.0	.
11551768	  962.9	  545.0	  500.0	.
11551770	  966.4	  547.8	  497.0	.
11551772	  968.8	  548.5	  497.0	.
11551774	  969.4	  549.1	  497.0	.
ESACC L  11551712	11551774	64	  624.7	  465.8	  968.8	  548.5	   8.94	    207
SFIX L   11551776
11551776	  970.2	  550.8	  497.0	.
11551778	  970.0	  550.1	  497.0	.
11551780	  969.8	  549.4	  495.0	.
11551782	  969.2	  548.5	  495.0	.
11551784	  968.5	  548.1	  495.0	.
11551786	  968.4	  548.0	  496.0	.
11551788	  968.6	  549.1	  496.0	.
11551790	  967.7	  549.6	  496.0	.
11551792	  967.4	  550.1	  498.0	.
11551794	  966.4	  549.5	  497.0	.
11551796	  966.5	  549.6	  497.0	.
11551798	  966.5	  549.4	  495.0	.
11551800	  966.8	  549.3	  495.0	.
11551802	  967.5	  549.9	  496.0	.
11551804	  967.2	  549.5	  497.0	.
11551806	  966.8	  549.5	  498.0	.
11551808	  966.7	  549.6	  498.0	.
11551810	  966.6	  549.3	  497.0	.
11551812	  967.3	  549.5	  498.0	.
11551814	  967.7	  548.6	  497.0	.
11551816	  967.6	  547.8	  497.0	.
11551818	  967.4	  547.2	  498.0	.
11551820	  966.9	  547.2	  500.0	.
11551822	  966.7	  547.2	  500.0	.
11551824	  966.7	  547.4	  500.0	.
11551826	  966.7	  547.5	  499.0	.
11551828	  966.7	  547.1	  499.0	.
11551830	  966.5	  547.1	  499.0	.
11551832	  966.6	  546.6	  499.0	.
11551834	  966.3	  546.7	  499.0	.
11551836	  966.4	  546.7	  499.0	.
11551838	  966.4	  546.7	  500.0	.
11551840	  966.7	  547.1	  499.0	.
11551842	  967.2	  547.1	  500.0	.
11551844	  967.8	  547.3	  500.0	.
11551846	  967.7	  546.9	  500.0	.
11551848	  967.6	  546.7	  500.0	.
11551850	  967.3	  546.8	  500.0	.
11551852	  967.3	  546.9	  500.0	.
11551854	  967.3	  546.7	  500.0	.
11551856	  967.7	  547.3	  505.0	.
11551858	  967.2	  547.7	  505.0	.
11551860	  966.8	  548.1	  505.0	.
11551862	  966.2	  547.5	  505.0	.
11551864	  966.0	  547.5	  505.0	.
11551866	  965.9	  547.6	  505.0	.
11551868	  966.4	  547.1	  503.0	.
11551870	  966.8	  547.0	  503.0	.
11551872	  967.3	  546.4	  502.0	.
11551874	  966.9	  545.7	  502.0	.
11551876	  967.7	  546.3	  502.0	.
11551878	  968.4	  546.8	  501.0	.
11551880	  968.1	  546.3	  501.0	.
11551882	  967.7	  545.7	  500.0	.
11551884	  967.7	  546.3	  501.0	.
11551886	  967.5	  546.0	  502.0	.
11551888	  967.6	  546.4	  502.0	.
11551890	  967.5	  546.0	  503.0	.
11551892	  967.1	  545.8	  503.0	.
11551894	  967.3	  546.2	  503.0	.
11551896	  967.3	  545.8	  502.0	.
11551898	  967.1	  545.3	  502.0	.
11551900	  966.8	  545.4	  502.0	.
11551902	  967.2	  545.5	  502.0	.
11551904	  967.7	  545.0	  502.0	.
11551906	  967.7	  545.1	  501.0	.
11551908	  967.7	  545.2	  501.0	.
11551910	  967.6	  544.6	  501.0	.
11551912	  967.5	  544.4	  501.0	.
11551914	  967.3	  544.2	  501.0	.
11551916	  967.2	  544.1	  500.0	.
11551918	  966.9	  544.1	  500.0	.
11551920	  967.3	  544.1	  500.0	.
11551922	  967.7	  544.1	  500.0	.
11551924	  967.9	  544.2	  499.0	.
11551926	  968.0	  544.1	  500.0	.
11551928	  967.5	  544.2	  501.0	.
11551930	  967.4	  544.6	  501.0	.
11551932	  967.5	  545.6	  502.0	.
11551934	  967.5	  546.6	  503.0	.
11551936	  967.4	  545.8	  504.0	.
11551938	  967.3	  545.4	  504.0	.
11551940	  966.9	  545.3	  504.0	.
11551942	  966.5	  545.1	  504.0	.
11551944	  965.3	  545.2	  503.0	.
11551946	  965.3	  545.2	  503.0	.
11551948	  965.3	  545.0	  503.0	.
11551950	  965.4	  545.1	  503.0	.
11551952	  966.1	  545.3	  503.0	.
11551954	  966.4	  545.7	  504.0	.
11551956	  966.0	  546.3	  504.0	.
11551958	  966.2	  546.8	  505.0	.
11551960	  966.2	  547.1	  506.0	.
11551962	  966.6	  547.3	  506.0	.
11551964	  966.6	  547.7	  506.0	.
11551966	  966.4	  546.8	  506.0	.
11551968	  966.3	  546.0	  505.0	.
11551970	  966.2	  545.7	  505.0	.
11551972	  967.0	  545.6	  504.0	.
11551974	  967.0	  545.7	  504.0	.
11551976	  967.0	  545.6	  504.0	.
11551978	  967.2	  545.8	  504.0	.
11551980	  967.4	  546.1	  504.0	.
11551982	  967.7	  546.2	  503.0	.
11551984	  968.0	  546.1	  503.0	.
11551986	  968.7	  547.0	  503.0	.
11551988	  969.0	  546.9	  503.0	.
11551990	  969.0	  546.7	  503.0	.
11551992	  968.8	  546.8	  502.0	.
11551994	  968.7	  546.5	  502.0	.
11551996	  968.7	  546.3	  501.0	.
11551998	  968.3	  546.1	  501.0	.
11552000	  968.7	  546.1	  501.0	.
11552002	  968.5	  545.9	  501.0	.
11552004	  968.4	  545.6	  500.0	.
11552006	  968.2	  546.0	  500.0	.
11552008	  968.2	  545.9	  500.0	.
11552010	  968.4	  545.8	  500.0	.
11552012	  968.2	  545.8	  500.0	.
11552014	  968.1	  545.9	  500.0	.
11552016	  968.3	  546.5	  500.0	.
11552018	  967.7	  547.6	  500.0	.
11552020	  967.3	  547.0	  499.0	.
11552022	  967.3	  547.5	  499.0	.
11552024	  967.3	  548.0	  497.0	.
11552026	  967.3	  548.2	  497.0	.
11552028	  967.9	  548.1	  497.0	.
11552030	  968.1	  548.8	  497.0	.
11552032	  968.4	  548.8	  497.0	.
11552034	  968.4	  548.9	  497.0	.
11552036	  968.4	  548.8	  496.0	.
11552038	  968.3	  548.8	  496.0	.
11552040	  968.6	  549.0	  494.0	.
11552042	  968.8	  549.1	  494.0	.
11552044	  969.4	  549.1	  492.0	.
11552046	  969.7	  549.7	  491.0	.
11552048	  969.1	  549.4	  491.0	.
11552050	  968.9	  549.9	  491.0	.
11552052	  968.9	  550.2	  491.0	.
11552054	  969.2	  551.2	  494.0	.
11552056	  968.8	  551.0	  494.0	.
11552058	  968.5	  551.2	  494.0	.
11552060	  968.9	  551.4	  494.0	.
11552062	  968.9	  551.4	  495.0	.
11552064	  968.9	  551.3	  495.0	.
11552066	  968.9	  552.0	  494.0	.
11552068	  970.0	  551.8	  494.0	.
11552070	  971.1	  551.6	  493.0	.
11552072	  971.5	  550.5	  490.0	.
11552074	  971.9	  549.4	  489.0	.
11552076	  972.2	  549.1	  488.0	.
11552078	  972.6	  550.3	  486.0	.
11552080	  972.0	  550.1	  485.0	.
11552082	  971.9	  550.2	  484.0	.
11552084	  971.9	  549.5	  482.0	.
11552086	  971.7	  549.6	  481.0	.
11552088	  971.5	  549.1	  481.0	.
11552090	  972.2	  549.6	  480.0	.
11552092	  972.9	  550.2	  479.0	.
11552094	  973.1	  549.6	  479.0	.
11552096	  973.4	  549.7	  479.0	.
11552098	  978.2	  549.9	  478.0	.
EFIX L   11551776	11552098	324	  968.0	  547.4	    498
SSACC L  11552100
11552100	  979.9	  550.6	  479.0	.
11552102	  986.8	  551.1	  479.0	.
11552104	  992.0	  551.5	  478.0	.
11552106	  999.1	  553.4	  477.0	.
11552108	 1003.6	  555.2	  477.0	.
11552110	 1005.0	  556.3	  480.0	.
ESACC L  11552100	11552110	12	  979.9	  550.6	 1003.6	  555.2	   0.61	     76
SFIX L   11552112
11552112	 1005.0	  557.3	  480.0	.
11552114	 1004.7	  556.9	  477.0	.
11552116	 1004.0	  556.4	  475.0	.
11552118	 1003.3	  556.2	  474.0	.
11552120	 1002.8	  555.9	  474.0	.
11552122	 1002.5	  556.4	  473.0	.
11552124	 1001.9	  556.9	  472.0	.
11552126	 1001.5	  558.0	  470.0	.
11552128	 1000.0	  558.1	  470.0	.
11552130	  999.4	  558.2	  469.0	.
11552132	  999.4	  558.6	  469.0	.
11552134	  999.3	  558.4	  466.0	.
11552136	  999.3	  558.8	  466.0	.
11552138	  999.5	  558.6	  465.0	.
11552140	  999.8	  558.4	  464.0	.
11552142	  999.9	  558.6	  463.0	.
11552144	  999.9	  558.7	  463.0	.
11552146	 1000.2	  558.8	  463.0	.
11552148	 1000.4	  558.7	  461.0	.
11552150	 1000.5	  558.9	  461.0	.
11552152	 1000.1	  558.9	  461.0	.
11552154	  999.9	  559.5	  461.0	.
11552156	 1000.5	  561.1	  461.0	.
11552158	 1001.0	  561.6	  461.0	.
11552160	 1001.4	  561.7	  461.0	.
11552162	 1001.9	  561.7	  461.0	.
11552164	 1001.7	  561.7	  461.0	.
11552166	 1001.6	  561.8	  461.0	.
11552168	 1001.0	  561.7	  460.0	.
11552170	 1000.8	  560.8	  460.0	.
11552172	 1000.9	  560.3	  458.0	.
11552174	 1000.8	  560.7	  457.0	.
11552176	 1001.4	  560.5	  450.0	.
11552178	 1001.1	  560.7	  450.0	.
11552180	 1000.5	  559.9	  447.0	.
11552182	 1000.7	  559.9	  445.0	.
11552184	 1000.5	  560.1	  445.0	.
11552186	 1000.3	  559.7	  445.0	.
11552188	 1000.3	  559.3	  445.0	.
11552190	 1000.0	  559.8	  444.0	.
11552192	 1000.2	  559.6	  443.0	.
11552194	 1000.6	  560.7	  443.0	.
11552196	 1001.4	  561.0	  443.0	.
11552198	 1001.6	  561.2	  443.0	.
11552200	 1001.5	  559.2	  443.0	.
11552202	 1001.4	  558.8	  443.0	.
11552204	 1001.5	  558.9	  443.0	.
11552206	 1002.1	  559.1	  443.0	.
11552208	 1002.8	  559.1	  442.0	.
11552210	 1002.8	  560.2	  442.0	.
11552212	 1003.5	  560.1	  438.0	.
11552214	 1004.1	  560.2	  438.0	.
11552216	 1004.4	  561.0	  437.0	.
11552218	 1004.6	  562.1	  437.0	.
11552220	 1005.1	  560.6	  437.0	.
11552222	 1005.5	  561.7	  434.0	.
11552224	 1005.2	  561.1	  434.0	.
11552226	 1005.1	  560.6	  434.0	.
11552228	 1005.5	  561.9	  434.0	.
11552230	 1006.1	  563.5	  432.0	.
11552232	 1006.3	  563.4	  432.0	.
11552234	 1005.4	  564.5	  432.0	.
11552236	 1006.1	  564.3	  428.0	.
11552238	 1006.7	  564.2	  428.0	.
11552240	 1005.8	  564.1	  428.0	.
11552242	 1005.9	  564.1	  429.0	.
11552244	 1005.7	  562.3	  429.0	.
11552246	 1005.8	  563.9	  429.0	.
11552248	 1006.0	  565.3	  425.0	.
11552250	 1005.0	  564.7	  425.0	.
11552252	 1005.0	  565.6	  425.0	.
11552254	 1005.3	  566.7	  425.0	.
11552256	 1005.4	  565.7	  425.0	.
11552258	 1005.6	  566.6	  425.0	.
11552260	 1005.9	  567.3	  425.0	.
11552262	 1005.7	  567.4	  425.0	.
11552264	 1005.8	  567.7	  425.0	.
11552266	 1005.4	  568.2	  425.0	.
11552268	 1005.5	  568.9	  424.0	.
11552270	 1005.7	  570.7	  423.0	.
11552272	 1005.9	  571.5	  416.0	.
11552274	 1005.7	  571.7	  416.0	.
11552276	 1006.6	  571.3	  415.0	.
11552278	 1007.2	  571.1	  414.0	.
11552280	 1007.8	  570.8	  413.0	.
11552282	 1008.3	  570.6	  412.0	.
11552284	 1008.5	  569.1	  412.0	.
11552286	 1008.9	  570.0	  412.0	.
11552288	 1009.2	  570.1	  411.0	.
11552290	 1009.2	  569.8	  411.0	.
11552292	 1008.4	  570.7	  411.0	.
11552294	 1008.0	  570.2	  411.0	.
11552296	 1008.0	  571.1	  411.0	.
11552298	 1007.2	  571.9	  411.0	.
11552300	 1007.6	  573.0	  410.0	.
11552302	 1007.9	  573.5	  410.0	.
11552304	 1007.5	  572.3	  407.0	.
11552306	 1007.4	  573.3	  408.0	.
11552308	 1007.6	  572.6	  406.0	.
11552310	 1006.3	  571.9	  404.0	.
11552312	 1006.6	  572.5	  405.0	.
11552314	 1006.8	  572.5	  405.0	.
11552316	 1005.8	  572.3	  408.0	.
11552318	 1006.3	  573.3	  408.0	.
11552320	 1005.9	  572.4	  408.0	.
11552322	 1005.4	  572.0	  408.0	.
11552324	 1006.0	  571.8	  405.0	.
11552326	 1005.7	  571.7	  404.0	.
11552328	 1005.2	  570.3	  404.0	.
11552330	 1005.0	  570.7	  402.0	.
11552332	 1004.7	  570.2	  400.0	.
11552334	 1003.9	  569.7	  399.0	.
11552336	 1004.3	  570.4	  399.0	.
11552338	 1004.1	  570.0	  398.0	.
11552340	 1004.6	  569.6	  397.0	.
11552342	 1005.5	  571.1	  396.0	.
11552344	 1005.1	  571.3	  396.0	.
11552346	 1005.0	  571.4	  396.0	.
11552348	 1005.0	  571.5	  396.0	.
11552350	 1004.4	  571.3	  395.0	.
11552352	 1004.0	  572.8	  396.0	.
11552354	 1004.9	  574.2	  397.0	.
11552356	 1004.6	  574.3	  399.0	.
11552358	 1004.3	  574.1	  400.0	.
11552360	 1005.1	  574.2	  400.0	.
11552362	 1005.8	  573.6	  399.0	.
11552364	 1006.2	  572.9	  399.0	.
11552366	 1006.3	  573.5	  393.0	.
11552368	 1006.5	  574.0	  393.0	.
11552370	 1006.6	  575.6	  392.0	.
11552372	 1006.5	  574.1	  392.0	.
11552374	 1006.1	  574.5	  392.0	.
11552376	 1006.4	  574.6	  393.0	.
11552378	 1005.8	  574.6	  392.0	.
11552380	 1005.7	  574.6	  391.0	.
11552382	 1005.5	  573.9	  389.0	.
11552384	 1005.6	  573.3	  388.0	.
11552386	 1005.8	  573.0	  388.0	.
11552388	 1006.4	  573.1	  388.0	.
11552390	 1006.9	  572.7	  388.0	.
11552392	 1007.2	  572.7	  387.0	.
11552394	 1007.6	  572.6	  386.0	.
11552396	 1007.5	  571.9	  386.0	.
11552398	 1007.3	  572.0	  386.0	.
11552400	 1007.1	  571.5	  386.0	.
11552402	 1006.8	  570.8	  386.0	.
11552404	 1007.4	  570.8	  385.0	.
11552406	 1007.0	  570.6	  384.0	.
11552408	 1007.1	  570.5	  384.0	.
11552410	 1007.0	  570.3	  384.0	.
11552412	 1006.6	  568.8	  384.0	.
11552414	 1006.4	  568.8	  383.0	.
11552416	 1006.9	  567.7	  383.0	.
11552418	 1007.0	  567.4	  379.0	.
11552420	 1007.0	  567.7	  379.0	.
11552422	 1007.0	  567.5	  379.0	.
11552424	 1006.8	  567.3	  379.0	.
11552426	 1007.2	  568.8	  379.0	.
11552428	 1007.3	  569.2	  379.0	.
11552430	 1006.0	  568.9	  379.0	.
11552432	 1005.9	  569.1	  379.0	.
11552434	 1006.0	  569.3	  379.0	.
11552436	 1005.6	  568.8	  379.0	.
11552438	 1006.0	  570.6	  378.0	.
11552440	 1005.6	  569.6	  378.0	.
11552442	 1005.5	  570.1	  377.0	.
11552444	 1005.6	  570.6	  377.0	.
11552446	 1005.7	  571.4	  377.0	.
11552448	 1003.8	  572.1	  377.0	.
11552450	 1002.1	  573.9	  378.0	.
EFIX L   11552112	11552450	340	 1004.6	  566.5	    420
SSACC L  11552452
11552452	  997.7	  574.2	  378.0	.
11552454	  990.4	  574.5	  379.0	.
11552456	  979.9	  575.3	  380.0	.
11552458	  968.2	  576.1	  380.0	.
11552460	  955.4	  577.9	  381.0	.
11552462	  937.2	  579.6	  382.0	.
11552464	  926.8	  578.4	  382.0	.
11552466	  913.4	  578.2	  382.0	.
11552468	  898.8	  576.9	  375.0	.
11552470	  885.3	  576.4	  375.0	.
11552472	  875.7	  575.9	  375.0	.
11552474	  863.8	  575.3	  375.0	.
11552476	  852.5	  575.1	  375.0	.
11552478	  841.9	  574.9	  372.0	.
11552480	  835.6	  574.2	  370.0	.
11552482	  828.1	  573.5	  370.0	.
ESACC L  11552452	11552482	32	  997.7	  574.2	  835.6	  574.2	   4.06	    177
SFIX L   11552484
11552484	  825.1	  573.2	  371.0	.
11552486	  820.3	  573.0	  373.0	.
11552488	  817.2	  572.8	  373.0	.
11552490	  814.2	  573.1	  373.0	.
11552492	  809.6	  572.7	  373.0	.
11552494	  802.5	  573.7	  373.0	.
11552496	  801.0	  574.8	  372.0	.
11552498	  795.7	  575.8	  372.0	.
11552500	  791.5	  575.7	  370.0	.
11552502	  782.0	  575.5	  370.0	.
11552504	  778.3	  578.1	  370.0	.
11552506	  772.9	  580.5	  370.0	.
11552508	  771.7	  580.4	  370.0	.
11552510	  768.6	  581.0	  370.0	.
11552512	  764.3	  581.4	  370.0	.
11552514	  761.8	  582.7	  368.0	.
11552516	  759.2	  583.5	  367.0	.
11552518	  752.5	  586.2	  367.0	.
11552520	  747.4	  585.5	  367.0	.
11552522	  743.7	  586.6	  367.0	.
11552524	  738.9	  586.3	  367.0	.
11552526	  733.9	  586.0	  367.0	.
11552528	  733.8	  586.5	  368.0	.
11552530	  729.3	  586.4	  368.0	.
11552532	  725.9	  586.2	  368.0	.
11552534	  724.7	  586.2	  368.0	.
11552536	  724.7	  586.2	  369.0	.
11552538	  724.5	  585.5	  369.0	.
11552540	  720.2	  585.4	  368.0	.
11552542	  718.0	  585.5	  368.0	.
11552544	  717.7	  585.8	  368.0	.
11552546	  717.5	  586.1	  368.0	.
11552548	  713.0	  585.0	  367.0	.
11552550	  712.3	  584.0	  367.0	.
11552552	  711.6	  583.5	  367.0	.
11552554	  707.8	  582.9	  368.0	.
11552556	  703.9	  581.2	  369.0	.
11552558	  702.5	  581.3	  369.0	.
11552560	  701.1	  581.5	  369.0	.
11552562	  698.3	  582.0	  369.0	.
11552564	  695.5	  582.3	  369.0	.
11552566	  692.6	  581.5	  369.0	.
11552568	  689.0	  582.4	  368.0	.
11552570	  687.6	  582.0	  368.0	.
11552572	  681.8	  581.7	  366.0	.
11552574	  680.2	  581.1	  365.0	.
11552576	  674.4	  580.5	  364.0	.
11552578	  670.7	  579.1	  364.0	.
11552580	  667.2	  578.5	  364.0	.
11552582	  666.7	  577.9	  364.0	.
11552584	  666.1	  577.9	  364.0	.
11552586	  660.1	  577.7	  363.0	.
11552588	  657.0	  577.3	  364.0	.
11552590	  654.1	  577.2	  364.0	.
11552592	  651.9	  577.2	  364.0	.
11552594	  649.0	  576.8	  365.0	.
11552596	  646.3	  576.6	  365.0	.
11552598	  644.3	  576.4	  365.0	.
11552600	  644.3	  576.3	  364.0	.
11552602	  644.3	  576.1	  364.0	.
11552604	  644.3	  575.8	  365.0	.
11552606	  644.4	  575.1	  365.0	.
11552608	  644.7	  574.4	  365.0	.
11552610	  645.0	  573.9	  366.0	.
11552612	  645.0	  573.8	  367.0	.
11552614	  645.0	  573.6	  368.0	.
11552616	  645.0	  573.3	  368.0	.
11552618	  645.4	  574.0	  368.0	.
11552620	  644.7	  574.0	  366.0	.
11552622	  644.0	  573.6	  365.0	.
11552624	  644.8	  574.5	  365.0	.
11552626	  645.7	  575.3	  369.0	.
11552628	  645.3	  573.3	  369.0	.
11552630	  645.1	  573.3	  369.0	.
11552632	  645.3	  573.3	  368.0	.
11552634	  645.3	  573.2	  368.0	.
11552636	  645.2	  573.9	  367.0	.
11552638	  644.9	  574.0	  367.0	.
11552640	  644.8	  574.1	  367.0	.
11552642	  644.8	  574.1	  366.0	.
11552644	  643.5	  575.6	  366.0	.
11552646	  644.0	  574.6	  366.0	.
11552648	  644.0	  574.4	  366.0	.
11552650	  644.3	  574.0	  366.0	.
11552652	  644.4	  573.0	  367.0	.
11552654	  645.1	  573.2	  368.0	.
11552656	  644.9	  573.1	  368.0	.
11552658	  644.9	  572.9	  368.0	.
11552660	  645.0	  573.5	  368.0	.
11552662	  645.0	  572.7	  369.0	.
11552664	  644.7	  571.9	  371.0	.
11552666	  644.9	  571.6	  374.0	.
11552668	  645.1	  572.2	  374.0	.
11552670	  645.3	  572.8	  373.0	.
11552672	  645.3	  573.1	  371.0	.
11552674	  645.2	  573.3	  369.0	.
11552676	  644.8	  573.5	  368.0	.
11552678	  644.6	  573.6	  368.0	.
11552680	  644.6	  573.4	  368.0	.
11552682	  644.6	  573.5	  368.0	.
11552684	  644.7	  573.4	  368.0	.
11552686	  644.5	  574.3	  367.0	.
11552688	  644.7	  575.2	  367.0	.
11552690	  644.7	  575.1	  368.0	.
11552692	  644.7	  575.1	  369.0	.
11552694	  645.0	  575.0	  368.0	.
11552696	  645.0	  575.0	  369.0	.
11552698	  644.9	  574.9	  369.0	.
11552700	  643.6	  573.9	  369.0	.
11552702	  643.6	  574.0	  369.0	.
11552704	  643.7	  574.1	  369.0	.
11552706	  643.7	  574.3	  369.0	.
11552708	  643.8	  574.5	  370.0	.
11552710	  644.1	  576.4	  370.0	.
11552712	  644.1	  575.0	  370.0	.
11552714	  644.1	  574.5	  370.0	.
11552716	  644.2	  574.0	  369.0	.
11552718	  644.5	  572.7	  370.0	.
11552720	  644.9	  572.5	  370.0	.
11552722	  645.5	  572.3	  371.0	.
11552724	  646.1	  572.1	  371.0	.
11552726	  646.6	  572.1	  371.0	.
11552728	  647.0	  572.2	  371.0	.
11552730	  646.9	  571.8	  371.0	.
11552732	  647.0	  572.1	  371.0	.
11552734	  646.6	  572.0	  371.0	.
11552736	  646.2	  571.9	  371.0	.
11552738	  646.5	  571.8	  371.0	.
11552740	  646.0	  571.9	  374.0	.
11552742	  648.1	  571.2	  374.0	.
EFIX L   11552484	11552742	260	  681.5	  576.8	    368
SSACC L  11552744
11552744	  650.3	  571.6	  373.0	.
11552746	  655.1	  570.8	  374.0	.
11552748	  664.3	  570.2	  375.0	.
11552750	  672.6	  568.3	  375.0	.
11552752	  687.7	  568.1	  375.0	.
11552754	  705.9	  568.0	  381.0	.
11552756	  718.1	  566.5	  381.0	.
11552758	  736.9	  565.2	  382.0	.
11552760	  753.2	  561.9	  384.0	.
11552762	  763.6	  562.2	  384.0	.
11552764	  787.3	  561.4	  384.0	.
11552766	  805.9	  560.3	  384.0	.
11552768	  821.3	  559.8	  382.0	.
11552770	  843.5	  559.9	  380.0	.
11552772	  863.3	  560.0	  379.0	.
11552774	  875.7	  559.5	  379.0	.
11552776	  896.0	  559.6	  379.0	.
11552778	  913.2	  561.6	  379.0	.
11552780	  926.6	  561.9	  381.0	.
11552782	  943.4	  563.0	  381.0	.
11552784	  956.3	  564.2	  382.0	.
11552786	  969.4	  565.0	  382.0	.
11552788	  976.8	  565.8	  382.0	.
11552790	  990.3	  569.3	  382.0	.
11552792	  996.7	  568.9	  382.0	.
11552794	 1004.2	  569.7	  385.0	.
11552796	 1004.0	  570.4	  385.0	.
11552798	 1004.5	  570.1	  384.0	.
ESACC L  11552744	11552798	56	  650.3	  571.6	 1004.0	  570.4	   8.84	    238
SFIX L   11552800
11552800	 1004.5	  569.7	  385.0	.
11552802	 1004.5	  569.5	  386.0	.
11552804	 1004.4	  569.3	  386.0	.
11552806	 1002.9	  569.2	  387.0	.
11552808	 1001.3	  569.1	  387.0	.
11552810	 1000.9	  570.1	  387.0	.
11552812	 1000.9	  568.9	  386.0	.
11552814	  999.8	  568.4	  386.0	.
11552816	  999.5	  568.0	  385.0	.
11552818	  999.1	  567.0	  385.0	.
11552820	  997.6	  568.1	  385.0	.
11552822	  997.9	  569.2	  386.0	.
11552824	  997.8	  568.9	  388.0	.
11552826	  997.7	  568.6	  388.0	.
11552828	  997.7	  568.5	  388.0	.
11552830	  997.4	  568.4	  388.0	.
11552832	  997.0	  568.1	  388.0	.
11552834	  996.8	  568.5	  389.0	.
11552836	  996.9	  567.2	  392.0	.
11552838	  995.6	  566.8	  392.0	.
11552840	  995.2	  567.0	  391.0	.
11552842	  994.8	  566.7	  391.0	.
11552844	  994.6	  566.4	  389.0	.
11552846	  994.9	  567.1	  389.0	.
11552848	  994.1	  566.7	  389.0	.
11552850	  993.3	  566.6	  389.0	.
11552852	  993.3	  566.7	  389.0	.
11552854	  993.3	  566.9	  394.0	.
11552856	  993.1	  566.8	  394.0	.
11552858	  993.2	  567.8	  394.0	.
11552860	  993.3	  568.3	  395.0	.
11552862	  993.3	  568.5	  396.0	.
11552864	  993.5	  568.7	  396.0	.
11552866	  993.4	  568.9	  396.0	.
11552868	  993.1	  569.1	  396.0	.
11552870	  993.1	  566.5	  395.0	.
11552872	  993.1	  566.7	  393.0	.
11552874	  993.3	  566.9	  393.0	.
11552876	  993.7	  567.3	  393.0	.
11552878	  994.0	  567.7	  393.0	.
11552880	  994.1	  567.9	  394.0	.
11552882	  992.7	  567.9	  394.0	.
11552884	  991.2	  567.9	  395.0	.
11552886	  992.2	  568.3	  395.0	.
11552888	  992.1	  567.5	  395.0	.
11552890	  991.8	  567.6	  393.0	.
11552892	  992.1	  567.9	  392.0	.
11552894	  991.0	  568.3	  392.0	.
11552896	  991.1	  568.9	  392.0	.
11552898	  991.2	  569.0	  396.0	.
11552900	  991.3	  569.3	  396.0	.
11552902	  990.8	  568.9	  395.0	.
11552904	  990.1	  568.5	  395.0	.
11552906	  990.4	  568.7	  395.0	.
11552908	  990.4	  568.3	  395.0	.
11552910	  990.8	  567.9	  394.0	.
11552912	  991.0	  567.9	  394.0	.
11552914	  990.8	  567.5	  394.0	.
11552916	  990.5	  567.1	  393.0	.
11552918	  990.8	  567.8	  393.0	.
11552920	  990.7	  566.5	  392.0	.
11552922	  989.8	  565.2	  392.0	.
11552924	  990.4	  565.9	  392.0	.
11552926	  990.0	  566.1	  393.0	.
11552928	  989.4	  565.8	  393.0	.
11552930	  989.8	  566.7	  393.0	.
11552932	  989.8	  565.6	  393.0	.
11552934	  989.6	  565.7	  392.0	.
11552936	  990.0	  565.9	  392.0	.
11552938	  990.1	  565.9	  392.0	.
11552940	  990.3	  565.9	  392.0	.
11552942	  990.7	  565.9	  392.0	.
11552944	  990.1	  565.8	  392.0	.
11552946	  989.5	  565.8	  392.0	.
11552948	  990.2	  566.4	  392.0	.
11552950	  989.5	  566.3	  392.0	.
11552952	  989.4	  566.4	  393.0	.
11552954	  989.4	  566.6	  394.0	.
11552956	  990.0	  567.1	  397.0	.
11552958	  990.2	  566.3	  397.0	.
11552960	  990.3	  565.5	  397.0	.
11552962	  990.4	  565.4	  398.0	.
11552964	  989.9	  565.7	  398.0	.
11552966	  990.5	  566.2	  399.0	.
11552968	  989.7	  566.9	  398.0	.
11552970	  990.1	  567.3	  397.0	.
11552972	  990.2	  567.1	  396.0	.
11552974	  990.3	  567.0	  394.0	.
11552976	  990.2	  566.1	  394.0	.
11552978	  989.8	  566.0	  394.0	.
11552980	  989.6	  565.8	  394.0	.
11552982	  989.8	  566.2	  395.0	.
11552984	  989.6	  564.5	  395.0	.
11552986	  989.8	  564.3	  395.0	.
11552988	  990.1	  564.6	  395.0	.
11552990	  990.8	  564.6	  394.0	.
11552992	  990.8	  564.9	  393.0	.
11552994	  990.8	  564.7	  393.0	.
11552996	  990.7	  564.5	  393.0	.
11552998	  990.7	  564.6	  394.0	.
11553000	  990.8	  563.3	  394.0	.
11553002	  991.3	  563.9	  394.0	.
11553004	  991.7	  563.1	  393.0	.
11553006	  991.9	  563.5	  392.0	.
11553008	  992.2	  563.8	  392.0	.
11553010	  991.1	  564.1	  392.0	.
11553012	  990.0	  563.6	  392.0	.
11553014	  990.7	  564.8	  392.0	.
11553016	  990.9	  564.9	  392.0	.
11553018	  990.8	  564.6	  392.0	.
11553020	  990.7	  564.7	  392.0	.
11553022	  990.6	  564.8	  391.0	.
11553024	  990.5	  564.8	  390.0	.
11553026	  990.7	  564.9	  388.0	.
11553028	  991.0	  564.9	  388.0	.
11553030	  990.3	  564.8	  390.0	.
11553032	  990.3	  565.4	  389.0	.
11553034	  990.0	  564.5	  388.0	.
11553036	  989.9	  564.8	  388.0	.
11553038	  990.1	  565.0	  388.0	.
11553040	  990.0	  564.9	  388.0	.
11553042	  989.9	  565.0	  387.0	.
EFIX L   11552800	11553042	244	  992.6	  566.7	    392
SSACC L  11553044
11553044	  989.6	  565.1	  388.0	.
11553046	  984.9	  565.2	  388.0	.
11553048	  981.9	  565.3	  388.0	.
11553050	  973.9	  565.3	  389.0	.
11553052	  957.0	  569.7	  391.0	.
11553054	  936.5	  574.8	  394.0	.
11553056	  914.8	  576.2	  394.0	.
11553058	  889.5	  576.2	  394.0	.
11553060	  869.2	  575.9	  394.0	.
11553062	  844.9	  575.5	  394.0	.
11553064	  825.1	  576.2	  393.0	.
11553066	  806.4	  576.2	  392.0	.
11553068	  790.6	  576.4	  389.0	.
11553070	  772.0	  577.9	  388.0	.
11553072	  761.9	  579.7	  388.0	.
11553074	  751.7	  583.8	  388.0	.
11553076	  737.5	  587.6	  386.0	.
11553078	  724.3	  590.7	  385.0	.
11553080	  716.5	  591.5	  384.0	.
11553082	  708.2	  592.3	  384.0	.
11553084	  703.9	  592.6	  384.0	.
11553086	  697.4	  591.3	  383.0	.
ESACC L  11553044	11553086	44	  989.6	  565.1	  703.9	  592.6	   7.21	    282
SFIX L   11553088
11553088	  696.4	  590.8	  382.0	.
11553090	  696.7	  590.8	  382.0	.
11553092	  696.9	  590.7	  382.0	.
11553094	  697.0	  590.1	  382.0	.
11553096	  697.1	  589.9	  383.0	.
11553098	  697.0	  589.8	  383.0	.
11553100	  697.1	  588.2	  383.0	.
11553102	  697.0	  588.5	  384.0	.
11553104	  697.6	  588.8	  385.0	.
11553106	  698.2	  588.5	  385.0	.
11553108	  699.5	  588.4	  383.0	.
11553110	  699.2	  588.6	  382.0	.
11553112	  699.2	  587.4	  382.0	.
11553114	  699.2	  586.1	  382.0	.
11553116	  699.3	  586.9	  386.0	.
11553118	  699.2	  586.9	  386.0	.
11553120	  699.5	  587.0	  383.0	.
11553122	  698.4	  588.0	  383.0	.
11553124	  698.4	  587.3	  382.0	.
11553126	  698.3	  586.7	  382.0	.
11553128	  699.5	  586.7	  382.0	.
11553130	  699.0	  585.6	  382.0	.
11553132	  699.2	  585.2	  381.0	.
11553134	  699.0	  584.6	  382.0	.
11553136	  699.0	  584.4	  383.0	.
11553138	  699.1	  584.6	  383.0	.
11553140	  699.1	  584.8	  382.0	.
11553142	  699.1	  584.8	  381.0	.
11553144	  698.8	  584.8	  381.0	.
11553146	  698.4	  585.5	  382.0	.
11553148	  697.9	  585.2	  382.0	.
11553150	  697.5	  584.9	  382.0	.
11553152	  697.4	  585.0	  382.0	.
11553154	  697.1	  583.7	  382.0	.
11553156	  696.8	  582.3	  383.0	.
11553158	  696.8	  583.9	  383.0	.
11553160	  696.9	  583.2	  384.0	.
11553162	  696.7	  583.0	  386.0	.
11553164	  697.1	  583.1	  386.0	.
11553166	  697.3	  582.5	  386.0	.
11553168	  697.5	  584.1	  384.0	.
11553170	  697.3	  584.7	  382.0	.
11553172	  697.4	  585.4	  382.0	.
11553174	  697.5	  586.9	  382.0	.
11553176	  697.5	  585.9	  377.0	.
11553178	  696.6	  586.1	  377.0	.
11553180	  696.8	  586.4	  377.0	.
11553182	  696.7	  586.2	  377.0	.
11553184	  697.6	  586.7	  379.0	.
11553186	  696.7	  587.1	  378.0	.
11553188	  695.9	  586.8	  378.0	.
11553190	  695.7	  587.5	  378.0	.
11553192	  696.5	  588.3	  378.0	.
11553194	  696.3	  587.4	  378.0	.
11553196	  696.4	  587.2	  378.0	.
11553198	  696.8	  587.2	  378.0	.
11553200	  697.2	  587.4	  378.0	.
11553202	  697.8	  588.1	  377.0	.
11553204	  697.7	  588.1	  377.0	.
11553206	  697.9	  587.8	  377.0	.
11553208	  697.8	  587.5	  377.0	.
11553210	  698.2	  586.9	  377.0	.
11553212	  698.8	  586.0	  377.0	.
11553214	  698.6	  585.2	  377.0	.
11553216	  698.5	  584.3	  376.0	.
11553218	  698.6	  584.8	  376.0	.
11553220	  698.5	  583.5	  377.0	.
11553222	  698.2	  582.3	  376.0	.
11553224	  698.7	  583.1	  376.0	.
11553226	  699.2	  583.9	  374.0	.
11553228	  699.1	  583.4	  374.0	.
11553230	  698.6	  585.3	  374.0	.
11553232	  698.8	  585.8	  374.0	.
11553234	  698.6	  585.6	  375.0	.
11553236	  699.1	  585.6	  375.0	.
11553238	  699.5	  584.6	  375.0	.
11553240	  698.6	  583.4	  374.0	.
11553242	  698.3	  585.1	  374.0	.
11553244	  698.0	  585.4	  373.0	.
11553246	  698.2	  585.2	  373.0	.
11553248	  698.6	  585.7	  373.0	.
11553250	  698.2	  586.2	  374.0	.
11553252	  698.4	  586.7	  374.0	.
11553254	  698.6	  587.3	  374.0	.
11553256	  699.0	  587.9	  375.0	.
11553258	  698.1	  587.9	  376.0	.
11553260	  697.7	  587.9	  377.0	.
11553262	  697.2	  588.0	  378.0	.
11553264	  695.6	  587.2	  378.0	.
11553266	  696.2	  587.7	  378.0	.
11553268	  696.2	  588.1	  378.0	.
11553270	  696.1	  588.8	  373.0	.
11553272	  695.4	  588.0	  372.0	.
11553274	  695.3	  588.3	  371.0	.
11553276	  695.7	  588.6	  370.0	.
11553278	  695.4	  588.8	  370.0	.
11553280	  695.4	  588.4	  370.0	.
11553282	  695.5	  589.1	  370.0	.
11553284	  696.0	  589.1	  370.0	.
11553286	  696.9	  589.0	  371.0	.
EFIX L   11553088	11553286	200	  697.7	  586.4	    378
SSACC L  11553288
11553288	  697.8	  589.5	  369.0	.
11553290	  702.3	  587.2	  371.0	.
11553292	  709.4	  585.0	  371.0	.
11553294	  724.0	  585.3	  371.0	.
11553296	  734.1	  585.4	  371.0	.
11553298	  743.7	  583.5	  371.0	.
11553300	  759.4	  582.1	  371.0	.
11553302	  768.0	  581.6	  371.0	.
11553304	  780.2	  581.1	  372.0	.
11553306	  790.7	  581.5	  372.0	.
11553308	  801.9	  580.4	  373.0	.
11553310	  814.0	  580.6	  373.0	.
11553312	  825.6	  580.7	  374.0	.
11553314	  835.9	  579.3	  375.0	.
11553316	  850.8	  578.0	  374.0	.
11553318	  860.8	  577.7	  373.0	.
11553320	  873.5	  578.4	  372.0	.
11553322	  886.9	  579.1	  372.0	.
11553324	  898.4	  580.6	  372.0	.
11553326	  905.7	  580.8	  372.0	.
11553328	  913.0	  580.9	  376.0	.
11553330	  918.3	  581.6	  376.0	.
11553332	  921.7	  582.1	  376.0	.
11553334	  927.7	  580.5	  375.0	.
11553336	  933.3	  578.9	  374.0	.
11553338	  943.9	  580.6	  374.0	.
11553340	  949.3	  579.2	  373.0	.
11553342	  956.4	  577.8	  373.0	.
ESACC L  11553288	11553342	56	  697.8	  589.5	  949.3	  579.2	   6.32	    157
SFIX L   11553344
11553344	  960.8	  576.8	  373.0	.
11553346	  967.3	  575.9	  374.0	.
11553348	  971.7	  575.4	  374.0	.
11553350	  976.9	  575.5	  374.0	.
11553352	  977.7	  575.5	  374.0	.
11553354	  986.1	  575.5	  374.0	.
11553356	  987.1	  576.7	  376.0	.
11553358	  988.0	  576.6	  378.0	.
11553360	  989.9	  577.1	  378.0	.
11553362	  989.7	  577.4	  379.0	.
11553364	  989.7	  577.0	  379.0	.
11553366	  989.1	  576.9	  377.0	.
11553368	  989.4	  576.9	  377.0	.
11553370	  989.7	  577.3	  377.0	.
11553372	  988.5	  577.8	  377.0	.
11553374	  988.0	  578.2	  374.0	.
11553376	  987.5	  578.6	  374.0	.
11553378	  986.3	  580.5	  374.0	.
11553380	  986.3	  580.3	  374.0	.
11553382	  986.5	  581.0	  373.0	.
11553384	  987.0	  581.3	  371.0	.
11553386	  987.0	  581.0	  371.0	.
11553388	  987.2	  582.3	  371.0	.
11553390	  986.6	  583.2	  371.0	.
11553392	  986.5	  581.9	  371.0	.
11553394	  986.5	  581.9	  371.0	.
11553396	  986.4	  582.1	  371.0	.
11553398	  986.2	  581.0	  371.0	.
11553400	  985.7	  580.0	  371.0	.
11553402	  985.3	  579.8	  370.0	.
11553404	  985.7	  580.7	  370.0	.
11553406	  985.8	  579.7	  369.0	.
11553408	  987.0	  578.9	  369.0	.
11553410	  985.9	  578.1	  370.0	.
11553412	  985.7	  577.9	  370.0	.
11553414	  985.7	  577.9	  370.0	.
11553416	  985.3	  578.1	  371.0	.
11553418	  986.1	  578.1	  371.0	.
11553420	  986.3	  577.9	  371.0	.
11553422	  986.3	  577.9	  371.0	.
11553424	  985.2	  576.4	  371.0	.
11553426	  984.1	  575.5	  370.0	.
11553428	  984.0	  575.3	  370.0	.
11553430	  984.1	  575.4	  370.0	.
11553432	  983.8	  575.6	  370.0	.
11553434	  983.7	  576.2	  371.0	.
11553436	  983.7	  576.6	  371.0	.
11553438	  983.6	  576.0	  371.0	.
11553440	  983.7	  576.6	  370.0	.
11553442	  984.1	  576.8	  370.0	.
11553444	  984.6	  576.9	  370.0	.
11553446	  984.8	  576.9	  370.0	.
11553448	  984.6	  577.1	  369.0	.
11553450	  984.5	  577.1	  369.0	.
11553452	  984.1	  578.2	  370.0	.
11553454	  983.4	  579.2	  370.0	.
11553456	  982.7	  580.2	  374.0	.
11553458	  982.1	  580.3	  374.0	.
11553460	  983.0	  580.2	  374.0	.
11553462	  983.9	  580.2	  374.0	.
11553464	  983.6	  579.9	  374.0	.
11553466	  983.7	  578.1	  374.0	.
11553468	  983.7	  576.3	  374.0	.
11553470	  983.8	  575.4	  372.0	.
11553472	  983.5	  575.1	  371.0	.
11553474	  983.9	  575.1	  370.0	.
11553476	  984.2	  574.2	  369.0	.
11553478	  984.1	  574.7	  368.0	.
11553480	  984.1	  575.1	  368.0	.
11553482	  983.3	  573.8	  368.0	.
11553484	  983.4	  574.6	  368.0	.
11553486	  983.3	  575.0	  368.0	.
11553488	  983.0	  575.1	  367.0	.
11553490	  983.0	  574.2	  367.0	.
11553492	  983.3	  574.3	  367.0	.
11553494	  983.3	  571.0	  366.0	.
11553496	  987.7	  567.8	  366.0	.
11553498	  990.6	  567.0	  365.0	.
EFIX L   11553344	11553498	156	  984.3	  577.4	    371
SSACC L  11553500
11553500	  994.3	  567.1	  363.0	.
11553502	  998.6	  567.2	  363.0	.
11553504	 1006.5	  564.9	  363.0	.
11553506	 1006.6	  564.3	  363.0	.
11553508	 1012.8	  563.7	  363.0	.
11553510	 1017.9	  560.2	  364.0	.
11553512	 1022.0	  559.1	  364.0	.
11553514	 1021.9	  557.9	  364.0	.
11553516	 1029.6	  556.0	  363.0	.
11553518	 1034.3	  555.9	  362.0	.
ESACC L  11553500	11553518	20	  994.3	  567.1	 1029.6	  556.0	   0.94	     59
SFIX L   11553520
11553520	 1036.0	  555.7	  362.0	.
11553522	 1037.6	  555.2	  361.0	.
11553524	 1038.5	  554.7	  361.0	.
11553526	 1039.5	  554.4	  361.0	.
11553528	 1040.0	  554.0	  361.0	.
11553530	 1042.7	  554.1	  359.0	.
11553532	 1042.9	  554.3	  358.0	.
11553534	 1043.2	  554.5	  358.0	.
11553536	 1043.5	  554.8	  358.0	.
11553538	 1043.4	  554.2	  358.0	.
11553540	 1043.3	  553.6	  358.0	.
11553542	 1042.2	  554.2	  358.0	.
11553544	 1041.7	  553.8	  359.0	.
11553546	 1041.3	  553.4	  357.0	.
11553548	 1038.2	  553.1	  357.0	.
11553550	 1037.0	  552.9	  357.0	.
11553552	 1035.8	  552.3	  357.0	.
11553554	 1034.8	  552.3	  357.0	.
11553556	 1029.6	  552.3	  359.0	.
11553558	 1026.9	  551.2	  359.0	.
11553560	 1025.3	  551.1	  359.0	.
11553562	 1023.7	  551.1	  360.0	.
11553564	 1021.9	  550.8	  360.0	.
11553566	 1020.0	  550.9	  359.0	.
11553568	 1018.0	  550.7	  359.0	.
11553570	 1014.4	  550.5	  359.0	.
11553572	 1014.1	  550.1	  356.0	.
11553574	 1010.3	  549.5	  355.0	.
EFIX L   11553520	11553574	56	 1033.5	  552.9	    359
SSACC L  11553576
11553576	 1002.8	  546.9	  355.0	.
11553578	  996.9	  545.9	  356.0	.
11553580	  992.6	  546.4	  356.0	.
11553582	  988.2	  546.9	  356.0	.
11553584	  979.4	  546.8	  356.0	.
11553586	  975.8	  546.9	  356.0	.
11553588	  965.3	  545.6	  356.0	.
11553590	  962.6	  545.5	  354.0	.
11553592	  956.5	  545.5	  354.0	.
11553594	  952.4	  544.4	  354.0	.
ESACC L  11553576	11553594	20	 1002.8	  546.9	  956.5	  545.5	   1.16	     85
SFIX L   11553596
11553596	  946.3	  543.8	  354.0	.
11553598	  944.3	  543.6	  354.0	.
11553600	  939.4	  545.4	  354.0	.
11553602	  936.8	  546.3	  353.0	.
11553604	  934.4	  546.4	  353.0	.
11553606	  932.8	  546.6	  352.0	.
11553608	  931.8	  545.2	  354.0	.
11553610	  930.8	  543.7	  354.0	.
11553612	  928.9	  543.1	  353.0	.
11553614	  929.1	  542.5	  354.0	.
11553616	  929.0	  540.9	  355.0	.
11553618	  930.1	  542.5	  357.0	.
11553620	  930.4	  544.0	  357.0	.
11553622	  930.7	  544.1	  357.0	.
11553624	  931.4	  544.1	  357.0	.
11553626	  931.7	  544.1	  355.0	.
11553628	  932.0	  544.7	  354.0	.
11553630	  934.0	  545.4	  354.0	.
11553632	  935.8	  545.8	  353.0	.
11553634	  937.7	  546.2	  352.0	.
11553636	  938.5	  546.4	  351.0	.
11553638	  938.6	  546.5	  350.0	.
11553640	  938.6	  546.7	  350.0	.
11553642	  938.7	  546.8	  351.0	.
11553644	  939.2	  548.9	  351.0	.
11553646	  939.9	  548.3	  351.0	.
11553648	  940.7	  548.3	  352.0	.
11553650	  941.3	  548.4	  352.0	.
11553652	  941.8	  548.0	  353.0	.
11553654	  942.1	  548.8	  353.0	.
11553656	  942.2	  548.8	  354.0	.
11553658	  942.3	  548.7	  355.0	.
11553660	  942.2	  547.8	  355.0	.
11553662	  941.7	  547.5	  355.0	.
11553664	  941.6	  547.2	  355.0	.
11553666	  941.5	  547.1	  355.0	.
11553668	  941.8	  547.0	  354.0	.
11553670	  942.0	  547.9	  354.0	.
11553672	  942.3	  548.7	  353.0	.
11553674	  942.1	  547.3	  354.0	.
11553676	  942.2	  545.9	  354.0	.
11553678	  942.6	  545.6	  356.0	.
11553680	  942.8	  545.5	  356.0	.
11553682	  942.2	  546.2	  356.0	.
11553684	  941.2	  544.9	  356.0	.
11553686	  940.4	  544.4	  358.0	.
11553688	  939.6	  544.5	  358.0	.
11553690	  939.4	  544.6	  358.0	.
11553692	  939.1	  544.6	  358.0	.
11553694	  939.2	  544.8	  358.0	.
11553696	  939.8	  544.9	  359.0	.
11553698	  940.0	  545.1	  359.0	.
11553700	  940.2	  545.5	  359.0	.
11553702	  940.5	  546.0	  359.0	.
11553704	  940.6	  546.5	  358.0	.
11553706	  940.5	  546.4	  358.0	.
11553708	  940.4	  546.2	  358.0	.
11553710	  940.2	  545.0	  358.0	.
11553712	  940.1	  545.8	  358.0	.
11553714	  940.0	  545.4	  358.0	.
11553716	  939.8	  545.1	  359.0	.
11553718	  940.1	  543.6	  360.0	.
11553720	  940.5	  544.6	  360.0	.
11553722	  940.5	  545.4	  358.0	.
11553724	  940.2	  545.7	  358.0	.
11553726	  940.2	  546.1	  357.0	.
11553728	  940.2	  547.6	  357.0	.
11553730	  940.1	  547.8	  357.0	.
11553732	  939.8	  547.7	  358.0	.
11553734	  938.8	  547.7	  358.0	.
11553736	  938.7	  547.4	  358.0	.
11553738	  938.8	  547.1	  357.0	.
11553740	  938.7	  547.0	  357.0	.
11553742	  938.8	  547.3	  357.0	.
11553744	  938.3	  547.1	  357.0	.
11553746	  938.4	  547.2	  357.0	.
11553748	  938.3	  546.9	  358.0	.
11553750	  938.2	  547.6	  358.0	.
11553752	  937.9	  548.3	  358.0	.
11553754	  938.0	  548.5	  358.0	.
11553756	  938.1	  548.6	  358.0	.
11553758	  938.1	  548.9	  358.0	.
11553760	  938.0	  548.8	  358.0	.
11553762	  938.0	  549.2	  358.0	.
11553764	  938.0	  549.5	  358.0	.
11553766	  938.1	  549.9	  358.0	.
11553768	  938.2	  550.3	  359.0	.
11553770	  940.2	  550.3	  359.0	.
11553772	  940.9	  550.6	  358.0	.
11553774	  941.8	  550.8	  358.0	.
11553776	  941.7	  550.0	  358.0	.
11553778	  941.7	  550.3	  358.0	.
11553780	  941.8	  550.7	  358.0	.
11553782	  942.3	  551.1	  358.0	.
11553784	  942.3	  551.0	  357.0	.
11553786	  942.5	  550.9	  357.0	.
11553788	  942.7	  550.8	  357.0	.
11553790	  943.2	  550.7	  357.0	.
11553792	  943.3	  550.6	  356.0	.
11553794	  943.3	  550.5	  356.0	.
11553796	  943.5	  550.4	  356.0	.
11553798	  943.6	  549.7	  356.0	.
11553800	  943.7	  549.4	  356.0	.
11553802	  943.8	  549.1	  357.0	.
11553804	  944.3	  548.8	  357.0	.
11553806	  945.0	  549.1	  357.0	.
11553808	  945.2	  547.9	  358.0	.
11553810	  945.7	  548.3	  357.0	.
11553812	  946.0	  548.7	  357.0	.
11553814	  945.8	  548.9	  357.0	.
11553816	  945.7	  548.9	  358.0	.
11553818	  945.2	  549.0	  358.0	.
11553820	  945.0	  548.7	  357.0	.
11553822	  945.4	  548.6	  357.0	.
11553824	  945.7	  548.7	  357.0	.
11553826	  946.4	  548.8	  357.0	.
11553828	  947.0	  548.8	  357.0	.
11553830	  947.0	  549.0	  357.0	.
11553832	  947.0	  549.5	  354.0	.
11553834	  947.0	  550.1	  354.0	.
11553836	  947.2	  551.1	  358.0	.
11553838	  947.0	  550.6	  358.0	.
11553840	  947.0	  550.7	  359.0	.
11553842	  947.4	  550.8	  359.0	.
11553844	  947.5	  550.6	  359.0	.
11553846	  947.3	  550.8	  359.0	.
11553848	  947.2	  550.7	  359.0	.
11553850	  946.6	  551.0	  359.0	.
11553852	  947.0	  551.0	  361.0	.
11553854	  947.3	  551.1	  363.0	.
11553856	  948.2	  550.8	  365.0	.
11553858	  948.2	  550.8	  365.0	.
11553860	  948.2	  550.8	  365.0	.
11553862	  947.7	  550.8	  362.0	.
11553864	  948.5	  551.0	  362.0	.
11553866	  948.6	  550.5	  363.0	.
11553868	  949.0	  551.0	  363.0	.
11553870	  949.6	  551.4	  360.0	.
11553872	  949.5	  551.1	  358.0	.
11553874	  949.4	  550.7	  358.0	.
11553876	  949.3	  550.3	  358.0	.
11553878	  949.3	  550.4	  359.0	.
11553880	  949.4	  550.5	  359.0	.
11553882	  949.3	  551.1	  359.0	.
11553884	  949.5	  551.8	  359.0	.
11553886	  949.6	  551.9	  359.0	.
11553888	  949.3	  552.1	  360.0	.
11553890	  950.0	  552.3	  361.0	.
11553892	  950.7	  552.2	  363.0	.
11553894	  951.2	  552.7	  363.0	.
11553896	  951.5	  552.6	  363.0	.
11553898	  951.1	  552.3	  364.0	.
11553900	  950.6	  551.9	  364.0	.
11553902	  950.4	  551.4	  363.0	.
11553904	  950.1	  551.1	  362.0	.
11553906	  950.4	  551.2	  361.0	.
11553908	  950.5	  551.0	  361.0	.
11553910	  949.8	  550.7	  363.0	.
11553912	  950.8	  551.7	  363.0	.
11553914	  951.1	  552.6	  362.0	.
11553916	  951.3	  552.9	  362.0	.
11553918	  951.2	  552.9	  362.0	.
11553920	  951.4	  552.8	  362.0	.
11553922	  951.2	  552.6	  362.0	.
11553924	  952.2	  552.6	  363.0	.
11553926	  952.6	  553.0	  363.0	.
11553928	  952.5	  553.0	  364.0	.
11553930	  952.5	  552.9	  363.0	.
11553932	  952.5	  553.6	  363.0	.
11553934	  952.7	  553.6	  363.0	.
11553936	  952.4	  553.4	  365.0	.
11553938	  952.4	  554.5	  366.0	.
11553940	  952.6	  554.1	  366.0	.
11553942	  952.9	  554.5	  366.0	.
11553944	  953.1	  555.1	  366.0	.
11553946	  953.1	  555.1	  366.0	.
11553948	  953.5	  555.1	  366.0	.
11553950	  954.0	  555.0	  368.0	.
11553952	  954.0	  555.7	  369.0	.
11553954	  953.8	  555.1	  369.0	.
11553956	  953.7	  555.8	  370.0	.
11553958	  953.5	  555.5	  372.0	.
11553960	  953.6	  555.4	  372.0	.
11553962	  953.9	  556.1	  372.0	.
11553964	  954.0	  556.1	  372.0	.
11553966	  954.1	  556.0	  371.0	.
11553968	  955.8	  555.3	  370.0	.
11553970	  955.4	  555.5	  370.0	.
11553972	  955.8	  555.9	  371.0	.
11553974	  956.2	  555.4	  370.0	.
11553976	  956.4	  555.7	  370.0	.
11553978	  956.6	  555.6	  370.0	.
11553980	  955.5	  555.5	  371.0	.
11553982	  955.3	  555.8	  372.0	.
11553984	  954.9	  555.4	  373.0	.
11553986	  955.2	  554.9	  373.0	.
11553988	  955.7	  555.6	  373.0	.
11553990	  955.4	  556.2	  375.0	.
11553992	  955.6	  556.2	  375.0	.
11553994	  955.6	  556.2	  375.0	.
11553996	  955.4	  555.6	  375.0	.
11553998	  956.0	  555.9	  375.0	.
11554000	  956.2	  554.9	  375.0	.
11554002	  956.1	  553.9	  374.0	.
11554004	  955.7	  551.6	  374.0	.
11554006	  955.8	  551.6	  374.0	.
11554008	  955.8	  554.0	  374.0	.
11554010	  955.7	  554.0	  375.0	.
11554012	  955.6	  553.8	  375.0	.
11554014	  955.9	  554.2	  375.0	.
11554016	  955.4	  554.6	  376.0	.
11554018	  955.6	  554.4	  377.0	.
11554020	  955.2	  554.4	  377.0	.
11554022	  956.0	  554.3	  376.0	.
11554024	  956.8	  554.2	  376.0	.
11554026	  956.9	  554.8	  376.0	.
11554028	  957.1	  555.4	  376.0	.
11554030	  957.3	  556.9	  379.0	.
11554032	  957.3	  556.9	  379.0	.
11554034	  957.3	  556.9	  379.0	.
11554036	  957.5	  558.2	  379.0	.
11554038	  957.8	  559.5	  379.0	.
11554040	  957.4	  559.9	  381.0	.
11554042	  957.6	  559.9	  381.0	.
11554044	  957.8	  560.0	  380.0	.
11554046	  958.6	  560.0	  380.0	.
11554048	  959.2	  560.5	  380.0	.
11554050	  959.7	  560.9	  382.0	.
11554052	  960.9	  562.2	  383.0	.
11554054	  960.7	  561.4	  384.0	.
11554056	  960.4	  561.1	  386.0	.
11554058	  960.5	  560.9	  387.0	.
11554060	  960.6	  560.8	  387.0	.
11554062	  960.2	  558.3	  387.0	.
11554064	  960.1	  555.9	  386.0	.
11554066	  960.6	  556.8	  381.0	.
11554068	  960.6	  557.8	  381.0	.
11554070	  960.7	  556.0	  381.0	.
11554072	  961.0	  555.3	  382.0	.
11554074	  960.6	  554.6	  381.0	.
11554076	  961.1	  553.6	  380.0	.
11554078	  961.2	  553.6	  378.0	.
11554080	  961.2	  553.6	  378.0	.
11554082	  961.2	  553.7	  382.0	.
11554084	  961.2	  553.9	  382.0	.
11554086	  961.2	  554.1	  382.0	.
11554088	  961.2	  555.5	  382.0	.
11554090	  962.3	  556.8	  382.0	.
11554092	  962.0	  557.3	  382.0	.
11554094	  961.6	  557.5	  382.0	.
11554096	  961.4	  557.7	  381.0	.
11554098	  961.1	  557.1	  382.0	.
11554100	  961.7	  557.8	  383.0	.
11554102	  962.2	  558.5	  383.0	.
11554104	  962.7	  559.0	  383.0	.
11554106	  962.3	  559.5	  383.0	.
11554108	  962.3	  559.8	  383.0	.
11554110	  962.1	  560.2	  383.0	.
11554112	  961.5	  560.7	  383.0	.
11554114	  961.8	  561.2	  383.0	.
11554116	  962.4	  562.9	  384.0	.
11554118	  962.7	  564.6	  384.0	.
11554120	  962.6	  563.6	  384.0	.
11554122	  963.0	  563.8	  384.0	.
11554124	  963.1	  564.0	  385.0	.
11554126	  963.1	  563.6	  385.0	.
11554128	  962.8	  563.1	  384.0	.
11554130	  962.9	  564.1	  384.0	.
11554132	  962.7	  563.9	  384.0	.
11554134	  962.7	  564.3	  384.0	.
11554136	  962.4	  564.7	  384.0	.
11554138	  962.4	  565.0	  384.0	.
11554140	  962.6	  564.9	  384.0	.
11554142	  962.8	  564.7	  385.0	.
11554144	  962.4	  564.5	  385.0	.
11554146	  962.9	  564.1	  385.0	.
11554148	  963.5	  564.2	  385.0	.
11554150	  964.0	  563.6	  385.0	.
11554152	  964.2	  563.5	  386.0	.
11554154	  964.3	  563.7	  388.0	.
11554156	  964.2	  563.5	  389.0	.
11554158	  964.4	  563.7	  390.0	.
11554160	  964.4	  564.0	  390.0	.
11554162	  963.5	  563.6	  390.0	.
11554164	  963.2	  564.2	  387.0	.
11554166	  962.9	  563.0	  385.0	.
11554168	  962.7	  562.7	  384.0	.
11554170	  962.8	  562.8	  383.0	.
11554172	  963.2	  562.7	  383.0	.
11554174	  963.2	  562.9	  382.0	.
11554176	  963.0	  563.1	  382.0	.
11554178	  962.4	  563.6	  383.0	.
11554180	  962.1	  563.7	  383.0	.
11554182	  963.0	  563.8	  383.0	.
11554184	  962.7	  563.7	  380.0	.
11554186	  963.7	  564.7	  379.0	.
11554188	  963.3	  565.6	  379.0	.
11554190	  963.4	  566.0	  379.0	.
11554192	  963.6	  566.1	  379.0	.
11554194	  962.5	  566.0	  379.0	.
11554196	  962.8	  568.2	  379.0	.
11554198	  963.5	  568.9	  379.0	.
11554200	  964.1	  569.7	  379.0	.
11554202	  964.7	  569.8	  379.0	.
11554204	  964.5	  569.9	  380.0	.
11554206	  964.2	  569.9	  380.0	.
11554208	  964.7	  572.0	  381.0	.
11554210	  964.4	  570.8	  381.0	.
11554212	  964.7	  569.8	  381.0	.
11554214	  964.9	  571.3	  381.0	.
11554216	  964.9	  571.5	  381.0	.
11554218	  964.8	  570.9	  382.0	.
11554220	  964.9	  571.2	  381.0	.
11554222	  964.9	  571.3	  382.0	.
11554224	  965.3	  571.4	  381.0	.
11554226	  965.8	  571.2	  381.0	.
11554228	  965.1	  570.6	  381.0	.
11554230	  965.3	  570.5	  381.0	.
11554232	  965.0	  570.5	  381.0	.
11554234	  964.9	  571.1	  381.0	.
11554236	  965.2	  571.5	  380.0	.
11554238	  965.0	  571.5	  380.0	.
11554240	  965.0	  571.7	  380.0	.
11554242	  965.0	  571.5	  380.0	.
11554244	  965.1	  571.9	  380.0	.
11554246	  964.9	  570.8	  380.0	.
11554248	  965.5	  569.7	  380.0	.
11554250	  966.0	  569.1	  380.0	.
11554252	  969.0	  569.0	  381.0	.
11554254	  970.4	  568.9	  383.0	.
EFIX L   11553596	11554254	660	  951.3	  554.5	    368
SSACC L  11554256
11554256	  976.8	  569.1	  387.0	.
11554258	  985.8	  568.8	  387.0	.
11554260	  990.7	  569.2	  387.0	.
11554262	  997.9	  569.5	  387.0	.
11554264	 1005.9	  570.6	  387.0	.
11554266	 1007.5	  570.7	  385.0	.
ESACC L  11554256	11554266	12	  976.8	  569.1	 1005.9	  570.6	   0.73	     90
SFIX L   11554268
11554268	 1009.0	  570.1	  384.0	.
11554270	 1010.2	  569.7	  380.0	.
11554272	 1010.2	  569.5	  380.0	.
11554274	 1009.9	  569.2	  380.0	.
11554276	 1009.8	  569.5	  380.0	.
11554278	 1009.4	  569.6	  381.0	.
11554280	 1009.6	  569.2	  381.0	.
11554282	 1009.6	  570.0	  381.0	.
11554284	 1009.7	  570.9	  380.0	.
11554286	 1009.1	  570.8	  380.0	.
11554288	 1009.3	  570.9	  380.0	.
11554290	 1009.6	  571.6	  380.0	.
11554292	 1009.8	  571.9	  380.0	.
11554294	 1009.7	  571.8	  379.0	.
11554296	 1009.8	  571.8	  379.0	.
11554298	 1009.7	  571.6	  379.0	.
11554300	 1010.1	  571.6	  378.0	.
11554302	 1009.2	  571.4	  378.0	.
11554304	 1008.8	  570.0	  378.0	.
11554306	 1008.4	  569.6	  377.0	.
11554308	 1008.4	  569.2	  377.0	.
11554310	 1008.6	  569.8	  377.0	.
11554312	 1008.7	  568.7	  377.0	.
11554314	 1008.9	  567.5	  379.0	.
11554316	 1009.9	  568.0	  379.0	.
11554318	 1010.0	  566.9	  379.0	.
11554320	 1010.3	  566.0	  379.0	.
11554322	 1009.9	  566.0	  377.0	.
11554324	 1009.7	  566.1	  375.0	.
11554326	 1008.9	  566.8	  375.0	.
11554328	 1009.4	  567.1	  375.0	.
11554330	 1009.8	  567.1	  377.0	.
11554332	 1008.7	  565.5	  377.0	.
11554334	 1007.7	  565.3	  376.0	.
11554336	 1008.0	  565.2	  375.0	.
11554338	 1008.2	  565.8	  375.0	.
11554340	 1008.5	  566.1	  376.0	.
11554342	 1008.5	  566.1	  376.0	.
11554344	 1008.6	  566.1	  376.0	.
11554346	 1009.0	  568.9	  377.0	.
11554348	 1009.0	  569.2	  379.0	.
11554350	 1008.8	  569.4	  382.0	.
11554352	 1008.9	  569.9	  383.0	.
11554354	 1008.9	  570.3	  383.0	.
11554356	 1009.1	  570.4	  382.0	.
11554358	 1009.7	  570.4	  381.0	.
11554360	 1010.4	  570.2	  381.0	.
11554362	 1011.1	  570.6	  381.0	.
11554364	 1010.8	  568.6	  381.0	.
11554366	 1010.5	  567.8	  376.0	.
11554368	 1010.7	  567.5	  376.0	.
11554370	 1010.5	  567.6	  376.0	.
11554372	 1010.5	  567.7	  376.0	.
11554374	 1010.2	  569.2	  377.0	.
11554376	 1010.0	  568.4	  377.0	.
11554378	 1010.3	  569.1	  377.0	.
11554380	 1010.7	  569.7	  377.0	.
11554382	 1009.9	  568.3	  377.0	.
11554384	 1010.2	  568.8	  377.0	.
11554386	 1010.2	  569.1	  376.0	.
11554388	 1010.1	  568.6	  376.0	.
11554390	 1010.1	  568.2	  377.0	.
11554392	 1010.1	  568.1	  378.0	.
11554394	 1010.0	  567.9	  379.0	.
11554396	 1009.8	  566.7	  379.0	.
11554398	 1009.6	  566.4	  377.0	.
11554400	 1009.7	  566.7	  375.0	.
11554402	 1009.3	  566.9	  375.0	.
11554404	 1008.9	  566.7	  375.0	.
11554406	 1009.2	  567.7	  375.0	.
11554408	 1009.3	  567.9	  376.0	.
11554410	 1009.2	  567.9	  375.0	.
11554412	 1008.4	  568.0	  376.0	.
11554414	 1008.7	  569.3	  377.0	.
11554416	 1009.0	  569.8	  377.0	.
11554418	 1009.0	  570.3	  377.0	.
11554420	 1009.1	  569.5	  376.0	.
11554422	 1009.0	  569.6	  377.0	.
11554424	 1008.9	  569.7	  377.0	.
11554426	 1008.9	  568.6	  376.0	.
11554428	 1008.4	  568.1	  375.0	.
11554430	 1007.9	  567.9	  375.0	.
11554432	 1007.7	  568.5	  375.0	.
11554434	 1007.6	  568.1	  376.0	.
11554436	 1007.6	  568.2	  376.0	.
11554438	 1007.5	  568.3	  376.0	.
11554440	 1007.7	  569.0	  376.0	.
11554442	 1007.8	  569.2	  376.0	.
11554444	 1008.1	  569.5	  376.0	.
11554446	 1008.6	  569.8	  377.0	.
11554448	 1008.7	  570.1	  377.0	.
11554450	 1008.8	  570.3	  377.0	.
11554452	 1008.1	  570.1	  378.0	.
11554454	 1008.3	  570.7	  379.0	.
11554456	 1008.4	  570.7	  378.0	.
11554458	 1007.7	  570.8	  378.0	.
11554460	 1007.9	  571.9	  378.0	.
11554462	 1007.9	  570.5	  379.0	.
11554464	 1007.9	  570.8	  379.0	.
11554466	 1007.7	  570.1	  376.0	.
11554468	 1008.1	  570.4	  376.0	.
11554470	 1008.6	  570.8	  376.0	.
11554472	 1008.8	  571.4	  377.0	.
11554474	 1009.0	  571.6	  378.0	.
11554476	 1009.1	  571.4	  378.0	.
11554478	 1009.2	  571.1	  378.0	.
11554480	 1010.6	  571.1	  378.0	.
11554482	 1010.8	  571.0	  377.0	.
11554484	 1010.8	  570.1	  374.0	.
11554486	 1010.9	  570.0	  374.0	.
11554488	 1010.7	  570.4	  375.0	.
11554490	 1010.1	  569.0	  375.0	.
11554492	 1009.7	  567.6	  375.0	.
11554494	 1009.6	  568.3	  375.0	.
11554496	 1008.9	  568.5	  375.0	.
11554498	 1008.8	  568.6	  375.0	.
11554500	 1008.8	  568.2	  374.0	.
11554502	 1008.8	  568.5	  374.0	.
11554504	 1010.2	  567.1	  374.0	.
11554506	 1010.6	  567.0	  374.0	.
11554508	 1010.6	  566.8	  374.0	.
11554510	 1010.3	  566.2	  374.0	.
11554512	 1012.5	  566.1	  375.0	.
11554514	 1011.8	  566.2	  375.0	.
11554516	 1011.2	  566.2	  373.0	.
11554518	 1010.1	  566.0	  373.0	.
11554520	 1010.4	  566.8	  373.0	.
11554522	 1009.8	  566.4	  373.0	.
11554524	 1009.8	  566.5	  373.0	.
11554526	 1009.9	  566.6	  372.0	.
11554528	 1009.8	  566.7	  372.0	.
11554530	 1009.6	  566.6	  373.0	.
11554532	 1009.7	  567.5	  373.0	.
11554534	 1008.6	  567.2	  372.0	.
11554536	 1009.2	  566.9	  372.0	.
11554538	 1010.1	  567.9	  372.0	.
11554540	 1009.3	  567.7	  371.0	.
11554542	 1008.9	  567.9	  371.0	.
11554544	 1008.8	  568.1	  371.0	.
11554546	 1008.5	  567.8	  371.0	.
11554548	 1008.6	  569.0	  371.0	.
11554550	 1008.5	  570.2	  371.0	.
11554552	 1008.5	  570.2	  374.0	.
11554554	 1008.5	  570.1	  373.0	.
11554556	 1008.0	  570.5	  374.0	.
11554558	 1007.5	  570.5	  374.0	.
11554560	 1007.0	  570.5	  374.0	.
11554562	 1006.7	  570.5	  374.0	.
11554564	 1006.6	  570.6	  373.0	.
11554566	 1006.5	  570.6	  371.0	.
11554568	 1006.2	  568.8	  371.0	.
11554570	 1006.2	  569.2	  371.0	.
11554572	 1006.1	  568.7	  372.0	.
11554574	 1006.0	  568.1	  371.0	.
11554576	 1007.1	  569.0	  371.0	.
11554578	 1007.2	  568.0	  371.0	.
11554580	 1007.3	  567.0	  369.0	.
11554582	 1007.0	  566.9	  368.0	.
11554584	 1007.0	  567.2	  368.0	.
11554586	 1006.9	  567.1	  368.0	.
11554588	 1006.5	  567.4	  369.0	.
11554590	 1006.0	  566.9	  369.0	.
11554592	 1005.7	  566.4	  369.0	.
11554594	 1005.8	  566.1	  369.0	.
11554596	 1006.1	  566.3	  369.0	.
11554598	 1006.9	  566.6	  369.0	.
11554600	 1006.2	  566.2	  369.0	.
11554602	 1006.7	  566.0	  368.0	.
11554604	 1006.1	  564.5	  368.0	.
11554606	 1005.8	  564.5	  368.0	.
11554608	 1006.1	  564.8	  368.0	.
11554610	 1006.2	  565.2	  368.0	.
11554612	 1006.0	  564.8	  368.0	.
11554614	 1005.6	  564.6	  367.0	.
11554616	 1005.0	  563.3	  367.0	.
11554618	 1004.8	  563.4	  367.0	.
11554620	 1005.6	  562.9	  366.0	.
11554622	 1006.5	  563.3	  365.0	.
11554624	 1005.9	  563.0	  366.0	.
11554626	 1006.5	  563.7	  366.0	.
11554628	 1007.2	  564.1	  366.0	.
11554630	 1006.2	  564.5	  366.0	.
11554632	 1006.4	  564.7	  366.0	.
11554634	 1006.7	  566.4	  367.0	.
11554636	 1006.5	  565.3	  366.0	.
11554638	 1006.2	  564.3	  366.0	.
11554640	 1006.6	  566.1	  366.0	.
11554642	 1006.0	  565.8	  367.0	.
11554644	 1006.3	  565.4	  367.0	.
11554646	 1006.5	  564.5	  367.0	.
11554648	 1006.8	  564.5	  367.0	.
11554650	 1006.9	  565.5	  368.0	.
11554652	 1007.0	  565.8	  371.0	.
11554654	 1006.4	  566.1	  371.0	.
11554656	 1006.6	  565.4	  370.0	.
11554658	 1006.5	  566.0	  370.0	.
11554660	 1006.4	  565.6	  370.0	.
11554662	 1006.1	  565.5	  370.0	.
11554664	 1006.0	  565.5	  370.0	.
11554666	 1005.4	  566.1	  370.0	.
11554668	 1006.0	  564.8	  369.0	.
11554670	 1004.8	  563.5	  368.0	.
11554672	 1004.8	  563.9	  366.0	.
11554674	 1005.1	  564.0	  365.0	.
11554676	 1005.1	  564.0	  365.0	.
11554678	 1005.1	  565.1	  365.0	.
11554680	 1005.6	  564.3	  364.0	.
11554682	 1006.0	  563.8	  364.0	.
11554684	 1005.7	  562.6	  364.0	.
11554686	 1005.9	  562.2	  364.0	.
11554688	 1006.0	  563.0	  366.0	.
11554690	 1006.2	  563.9	  366.0	.
11554692	 1006.4	  564.2	  364.0	.
11554694	 1006.2	  564.4	  364.0	.
11554696	 1006.0	  563.4	  362.0	.
11554698	 1005.6	  563.6	  362.0	.
11554700	 1006.3	  563.6	  362.0	.
11554702	 1005.5	  563.7	  363.0	.
11554704	 1004.6	  563.6	  363.0	.
11554706	 1005.5	  564.7	  364.0	.
11554708	 1005.5	  563.9	  364.0	.
11554710	 1005.4	  563.3	  364.0	.
11554712	 1005.8	  564.8	  364.0	.
11554714	 1005.8	  564.5	  364.0	.
11554716	 1005.9	  564.5	  364.0	.
11554718	 1006.0	  564.7	  364.0	.
11554720	 1004.9	  564.0	  364.0	.
11554722	 1003.8	  563.3	  364.0	.
11554724	 1003.6	  562.9	  363.0	.
11554726	 1003.5	  562.6	  363.0	.
11554728	 1004.0	  561.9	  362.0	.
11554730	 1004.6	  562.9	  362.0	.
11554732	 1003.5	  562.0	  362.0	.
11554734	 1003.6	  561.8	  362.0	.
11554736	 1003.5	  561.7	  362.0	.
11554738	 1003.5	  561.8	  363.0	.
11554740	 1003.1	  561.4	  361.0	.
11554742	 1002.4	  563.0	  361.0	.
11554744	 1002.4	  563.6	  362.0	.
11554746	 1003.1	  563.9	  362.0	.
11554748	 1001.5	  564.0	  362.0	.
11554750	 1000.0	  565.4	  366.0	.
EFIX L   11554268	11554750	484	 1007.9	  567.2	    372
SSACC L  11554752
11554752	  996.2	  566.6	  370.0	.
11554754	  994.1	  567.9	  370.0	.
11554756	  984.1	  569.0	  370.0	.
11554758	  976.4	  569.9	  369.0	.
11554760	  966.2	  570.6	  369.0	.
11554762	  961.7	  573.0	  369.0	.
11554764	  955.6	  572.9	  368.0	.
11554766	  951.2	  571.2	  364.0	.
11554768	  946.7	  569.5	  361.0	.
11554770	  944.9	  569.3	  361.0	.
11554772	  944.1	  569.2	  361.0	.
11554774	  943.6	  569.8	  361.0	.
11554776	  942.8	  568.4	  361.0	.
11554778	  942.9	  566.8	  360.0	.
11554780	  943.1	  569.6	  359.0	.
11554782	  943.4	  572.3	  356.0	.
11554784	  944.3	  581.4	  348.0	.
11554786	  935.1	  588.0	  341.0	.
11554788	  933.6	  602.9	  319.0	.
11554790	  937.6	  630.9	  294.0	.
11554792	  942.3	  665.6	  262.0	.
11554794	  943.7	  694.1	  237.0	.
11554796	  943.4	  700.9	  222.0	.
11554798	  943.3	  702.6	  218.0	I
MSG	11554800 DSP: STIM
11554800	  943.3	  704.4	  215.0	.
11554802	  943.2	  706.1	  211.0	I
11554804	  943.1	  707.7	  208.0	.
SBLINK L 11554806
11554806	   .	   .	    0.0	I
11554808	   .	   .	    0.0	.
11554810	   .	   .	    0.0	I
11554812	   .	   .	    0.0	.
11554814	   .	   .	    0.0	I
11554816	   .	   .	    0.0	.
11554818	   .	   .	    0.0	I
11554820	   .	   .	    0.0	.
11554822	   .	   .	    0.0	I
11554824	   .	   .	    0.0	.
11554826	   .	   .	    0.0	I
11554828	   .	   .	    0.0	.
11554830	   .	   .	    0.0	I
11554832	   .	   .	    0.0	.
11554834	   .	   .	    0.0	I
11554836	   .	   .	    0.0	.
11554838	   .	   .	    0.0	I
11554840	   .	   .	    0.0	.
11554842	   .	   .	    0.0	I
11554844	   .	   .	    0.0	.
11554846	   .	   .	    0.0	I
11554848	   .	   .	    0.0	.
11554850	   .	   .	    0.0	I
11554852	   .	   .	    0.0	.
11554854	   .	   .	    0.0	I
11554856	   .	   .	    0.0	.
11554858	   .	   .	    0.0	I
11554860	   .	   .	    0.0	.
11554862	   .	   .	    0.0	I
11554864	   .	   .	    0.0	.
11554866	   .	   .	    0.0	I
11554868	   .	   .	    0.0	.
11554870	   .	   .	    0.0	I
11554872	   .	   .	    0.0	.
11554874	   .	   .	    0.0	I
11554876	   .	   .	    0.0	.
11554878	   .	   .	    0.0	I
11554880	   .	   .	    0.0	.
11554882	   .	   .	    0.0	I
11554884	   .	   .	    0.0	.
11554886	   .	   .	    0.0	I
11554888	   .	   .	    0.0	.
11554890	   .	   .	    0.0	I
11554892	   .	   .	    0.0	.
11554894	   .	   .	    0.0	I
11554896	   .	   .	    0.0	.
11554898	   .	   .	    0.0	I
11554900	   .	   .	    0.0	.
11554902	   .	   .	    0.0	I
11554904	   .	   .	    0.0	.
11554906	   .	   .	    0.0	I
11554908	   .	   .	    0.0	.
11554910	   .	   .	    0.0	I
11554912	   .	   .	    0.0	.
11554914	   .	   .	    0.0	I
11554916	   .	   .	    0.0	.
11554918	   .	   .	    0.0	I
11554920	   .	   .	    0.0	.
11554922	   .	   .	    0.0	I
11554924	   .	   .	    0.0	.
11554926	   .	   .	    0.0	I
11554928	   .	   .	    0.0	.
11554930	   .	   .	    0.0	I
11554932	   .	   .	    0.0	.
11554934	   .	   .	    0.0	I
11554936	   .	   .	    0.0	.
11554938	   .	   .	    0.0	I
11554940	   .	   .	    0.0	.
11554942	   .	   .	    0.0	I
11554944	   .	   .	    0.0	.
11554946	   .	   .	    0.0	I
11554948	   .	   .	    0.0	.
11554950	   .	   .	    0.0	I
11554952	   .	   .	    0.0	.
11554954	   .	   .	    0.0	I
11554956	   .	   .	    0.0	.
EBLINK L 11554806	11554956	152
11554958	  993.5	  748.4	  182.0	I
11554960	  993.6	  748.5	  182.0	.
11554962	  995.8	  744.6	  185.0	I
11554964	  998.1	  740.7	  188.0	.
11554966	  998.2	  743.0	  194.0	.
11554968	 1002.8	  737.4	  207.0	.
11554970	 1011.9	  726.3	  211.0	.
11554972	 1012.0	  699.8	  226.0	.
11554974	 1012.2	  697.3	  241.0	.
11554976	 1012.5	  694.9	  245.0	.
11554978	 1015.0	  691.7	  250.0	.
11554980	 1013.8	  662.9	  270.0	.
11554982	 1014.5	  662.0	  281.0	.
11554984	 1015.2	  661.1	  286.0	.
11554986	 1015.5	  645.3	  297.0	.
11554988	 1013.1	  634.8	  305.0	.
11554990	 1011.5	  628.6	  314.0	.
11554992	 1007.9	  617.6	  319.0	.
11554994	 1007.3	  609.5	  332.0	.
11554996	 1006.2	  599.5	  332.0	.
11554998	 1005.9	  589.8	  341.0	.
11555000	 1005.2	  582.2	  349.0	.
11555002	 1005.2	  578.9	  351.0	.
ESACC L  11554752	11555002	252	  996.2	  566.6	 1005.2	  582.2	   0.51	    354
SFIX L   11555004
11555004	 1005.2	  573.9	  355.0	.
11555006	 1004.3	  563.9	  361.0	.
11555008	 1004.0	  560.2	  361.0	.
11555010	 1003.6	  556.4	  361.0	.
11555012	 1002.9	  551.4	  364.0	.
11555014	 1004.1	  549.9	  368.0	.
11555016	 1003.7	  549.3	  374.0	.
11555018	 1003.4	  549.1	  376.0	.
11555020	 1003.1	  549.0	  378.0	.
11555022	 1002.9	  550.0	  381.0	.
11555024	 1002.6	  551.1	  383.0	.
11555026	 1002.7	  554.2	  386.0	.
11555028	 1001.9	  554.2	  386.0	.
11555030	 1001.9	  554.3	  386.0	.
11555032	 1001.6	  554.3	  385.0	.
11555034	 1002.1	  554.3	  385.0	.
11555036	 1002.9	  556.1	  384.0	.
11555038	 1004.6	  559.6	  383.0	.
11555040	 1007.5	  560.1	  379.0	.
11555042	 1008.0	  560.8	  379.0	.
11555044	 1008.1	  561.4	  376.0	.
11555046	 1008.3	  562.6	  376.0	.
11555048	 1008.0	  563.7	  376.0	.
11555050	 1008.4	  563.7	  376.0	.
11555052	 1008.5	  563.8	  377.0	.
11555054	 1008.7	  564.1	  377.0	.
11555056	 1009.1	  564.5	  378.0	.
11555058	 1008.6	  566.1	  378.0	.
11555060	 1008.7	  563.5	  379.0	.
11555062	 1008.6	  563.7	  380.0	.
11555064	 1008.5	  563.8	  381.0	.
11555066	 1009.3	  566.6	  381.0	.
11555068	 1009.7	  566.8	  382.0	.
11555070	 1009.6	  566.8	  382.0	.
11555072	 1009.8	  567.0	  382.0	.
11555074	 1009.9	  566.6	  382.0	.
11555076	 1010.1	  566.2	  381.0	.
11555078	 1010.6	  567.4	  382.0	.
11555080	 1010.6	  567.9	  383.0	.
11555082	 1011.3	  568.4	  384.0	.
11555084	 1012.2	  569.7	  386.0	.
11555086	 1013.5	  569.5	  386.0	.
EFIX L   11555004	11555086	84	 1006.6	  560.9	    377
SSACC L  11555088
11555088	 1021.2	  569.4	  386.0	.
11555090	 1023.4	  575.6	  386.0	.
11555092	 1025.6	  582.0	  385.0	.
11555094	 1031.9	  594.8	  374.0	.
11555096	 1041.0	  624.7	  346.0	.
11555098	 1062.1	  665.1	  301.0	.
11555100	 1069.2	  698.3	  283.0	.
11555102	 1087.6	  735.5	  251.0	.
11555104	 1092.3	  744.9	  243.0	I
11555106	 1097.0	  754.2	  235.0	.
11555108	 1101.6	  763.6	  227.0	I
11555110	 1106.3	  773.0	  220.0	.
11555112	 1106.3	  773.0	  220.0	I
SBLINK L 11555114
11555114	   .	   .	    0.0	.
11555116	   .	   .	    0.0	I
11555118	   .	   .	    0.0	.
11555120	   .	   .	    0.0	I
11555122	   .	   .	    0.0	.
11555124	   .	   .	    0.0	I
11555126	   .	   .	    0.0	.
11555128	   .	   .	    0.0	I
11555130	   .	   .	    0.0	.
11555132	   .	   .	    0.0	I
11555134	   .	   .	    0.0	.
11555136	   .	   .	    0.0	I
11555138	   .	   .	    0.0	.
11555140	   .	   .	    0.0	I
11555142	   .	   .	    0.0	.
11555144	   .	   .	    0.0	I
11555146	   .	   .	    0.0	.
11555148	   .	   .	    0.0	I
11555150	   .	   .	    0.0	.
11555152	   .	   .	    0.0	I
11555154	   .	   .	    0.0	.
11555156	   .	   .	    0.0	I
11555158	   .	   .	    0.0	.
11555160	   .	   .	    0.0	I
11555162	   .	   .	    0.0	.
11555164	   .	   .	    0.0	I
11555166	   .	   .	    0.0	.
11555168	   .	   .	    0.0	I
EBLINK L 11555114	11555168	56
11555170	 1617.7	  847.9	  145.0	.
11555172	 1618.9	  842.7	  151.0	I
11555174	 1620.1	  837.4	  158.0	.
11555176	 1617.0	  827.0	  171.0	.
11555178	 1619.5	  806.1	  197.0	.
11555180	 1621.8	  790.9	  225.0	.
11555182	 1622.5	  775.8	  235.0	.
11555184	 1623.5	  751.8	  256.0	.
11555186	 1620.9	  724.2	  275.0	.
11555188	 1618.2	  700.4	  291.0	.
11555190	 1612.9	  678.2	  312.0	.
11555192	 1610.9	  670.5	  313.0	.
11555194	 1605.9	  651.8	  334.0	.
11555196	 1595.5	  624.1	  353.0	.
11555198	 1586.5	  603.1	  370.0	.
11555200	 1581.7	  600.1	  370.0	.
11555202	 1570.3	  580.2	  386.0	.
11555204	 1563.0	  555.3	  406.0	.
11555206	 1559.9	  553.9	  406.0	.
11555208	 1556.0	  548.5	  409.0	.
11555210	 1554.5	  545.3	  410.0	.
ESACC L  11555088	11555210	124	 1021.2	  569.4	 1556.0	  548.5	  12.66	    454
SFIX L   11555212
11555212	 1553.5	  542.1	  410.0	.
11555214	 1553.7	  543.3	  410.0	.
11555216	 1554.2	  542.8	  410.0	.
11555218	 1554.7	  543.5	  410.0	.
11555220	 1555.2	  544.2	  410.0	.
11555222	 1556.6	  546.1	  410.0	.
11555224	 1557.0	  546.1	  410.0	.
11555226	 1557.4	  546.4	  410.0	.
11555228	 1557.5	  546.3	  410.0	.
11555230	 1557.9	  547.2	  411.0	.
11555232	 1558.0	  546.3	  410.0	.
11555234	 1557.5	  545.3	  410.0	.
11555236	 1557.6	  546.5	  410.0	.
11555238	 1557.0	  547.6	  411.0	.
11555240	 1557.7	  550.6	  411.0	.
11555242	 1557.9	  551.9	  412.0	.
11555244	 1558.4	  551.6	  413.0	.
11555246	 1558.6	  553.2	  413.0	.
11555248	 1558.8	  554.9	  413.0	.
11555250	 1559.7	  558.4	  413.0	.
11555252	 1560.0	  559.6	  413.0	.
11555254	 1560.8	  560.4	  413.0	.
11555256	 1561.7	  561.4	  412.0	.
11555258	 1561.9	  562.2	  412.0	.
11555260	 1561.7	  563.2	  412.0	.
11555262	 1561.9	  562.8	  413.0	.
11555264	 1562.0	  562.5	  413.0	.
11555266	 1561.8	  561.5	  413.0	.
11555268	 1562.1	  561.6	  414.0	.
11555270	 1562.3	  561.5	  415.0	.
11555272	 1562.3	  561.4	  418.0	.
11555274	 1562.9	  561.4	  418.0	.
11555276	 1563.7	  561.6	  415.0	.
11555278	 1562.7	  560.7	  415.0	.
11555280	 1562.9	  561.2	  416.0	.
11555282	 1563.1	  561.5	  416.0	.
11555284	 1563.5	  563.1	  416.0	.
11555286	 1563.8	  564.2	  418.0	.
11555288	 1564.6	  565.4	  420.0	.
11555290	 1565.1	  565.6	  420.0	.
11555292	 1565.1	  565.8	  423.0	.
11555294	 1565.0	  566.0	  422.0	.
11555296	 1565.7	  567.3	  423.0	.
11555298	 1566.2	  568.6	  424.0	.
11555300	 1566.3	  568.2	  422.0	.
11555302	 1566.4	  568.7	  423.0	.
11555304	 1566.5	  569.3	  424.0	.
11555306	 1566.5	  570.8	  425.0	.
11555308	 1566.8	  572.4	  425.0	.
11555310	 1566.5	  572.4	  424.0	.
11555312	 1566.0	  573.1	  424.0	.
11555314	 1565.8	  573.6	  423.0	.
11555316	 1566.1	  574.9	  422.0	.
11555318	 1566.5	  575.2	  422.0	.
11555320	 1566.5	  575.6	  422.0	.
11555322	 1566.6	  575.5	  422.0	.
11555324	 1566.1	  575.7	  423.0	.
11555326	 1565.5	  575.7	  423.0	.
11555328	 1565.2	  574.8	  423.0	.
11555330	 1564.8	  574.5	  424.0	.
11555332	 1565.6	  574.6	  424.0	.
11555334	 1566.1	  574.6	  422.0	.
11555336	 1565.8	  575.2	  421.0	.
11555338	 1565.2	  575.1	  421.0	.
11555340	 1565.5	  575.2	  424.0	.
11555342	 1564.7	  574.6	  424.0	.
11555344	 1564.9	  575.4	  424.0	.
11555346	 1565.1	  576.0	  424.0	.
11555348	 1565.2	  575.9	  424.0	.
11555350	 1565.8	  575.7	  425.0	.
11555352	 1566.6	  575.5	  426.0	.
11555354	 1566.3	  575.2	  427.0	.
11555356	 1566.6	  574.1	  427.0	.
11555358	 1565.8	  574.1	  427.0	.
11555360	 1565.2	  574.3	  427.0	.
11555362	 1565.4	  575.6	  428.0	.
11555364	 1565.6	  576.4	  428.0	.
11555366	 1565.8	  577.0	  427.0	.
11555368	 1566.9	  577.8	  427.0	.
11555370	 1567.9	  578.5	  428.0	.
11555372	 1568.4	  579.9	  428.0	.
11555374	 1568.3	  580.1	  427.0	.
11555376	 1568.3	  580.4	  429.0	.
11555378	 1569.0	  580.3	  429.0	.
11555380	 1569.8	  580.4	  428.0	.
11555382	 1569.6	  579.7	  429.0	.
11555384	 1569.6	  579.5	  429.0	.
11555386	 1569.5	  579.2	  430.0	.
11555388	 1569.6	  579.7	  431.0	.
11555390	 1569.3	  580.1	  431.0	.
11555392	 1569.7	  581.6	  432.0	.
11555394	 1570.4	  582.4	  434.0	.
11555396	 1571.1	  583.4	  434.0	.
11555398	 1571.9	  583.1	  434.0	.
11555400	 1571.3	  582.9	  435.0	.
11555402	 1570.6	  582.1	  437.0	.
11555404	 1571.2	  581.3	  437.0	.
11555406	 1572.1	  582.0	  437.0	.
11555408	 1572.4	  581.7	  437.0	.
11555410	 1572.7	  581.3	  437.0	.
11555412	 1572.5	  579.8	  436.0	.
11555414	 1572.6	  579.8	  436.0	.
11555416	 1573.9	  579.8	  436.0	.
11555418	 1574.1	  580.0	  435.0	.
11555420	 1574.0	  578.7	  435.0	.
11555422	 1575.0	  579.1	  435.0	.
11555424	 1574.6	  579.3	  435.0	.
11555426	 1575.3	  579.2	  435.0	.
11555428	 1575.5	  579.2	  436.0	.
11555430	 1575.7	  579.5	  437.0	.
11555432	 1576.3	  578.2	  437.0	.
11555434	 1576.3	  576.8	  435.0	.
11555436	 1576.8	  577.1	  434.0	.
11555438	 1577.0	  577.4	  434.0	.
11555440	 1576.7	  577.7	  434.0	.
11555442	 1577.8	  577.8	  435.0	.
11555444	 1577.6	  578.0	  435.0	.
11555446	 1577.6	  578.8	  435.0	.
11555448	 1577.7	  579.8	  435.0	.
11555450	 1577.8	  579.9	  435.0	.
11555452	 1577.8	  580.1	  435.0	.
11555454	 1577.8	  580.0	  435.0	.
11555456	 1578.6	  580.9	  437.0	.
11555458	 1578.7	  581.7	  438.0	.
11555460	 1578.4	  581.8	  438.0	.
11555462	 1578.2	  581.7	  437.0	.
11555464	 1578.3	  581.3	  437.0	.
11555466	 1578.8	  581.8	  438.0	.
11555468	 1578.6	  581.9	  437.0	.
11555470	 1578.8	  582.0	  437.0	.
11555472	 1578.9	  582.2	  437.0	.
11555474	 1579.6	  582.4	  437.0	.
11555476	 1579.4	  581.5	  437.0	.
11555478	 1579.5	  581.6	  437.0	.
11555480	 1580.6	  581.4	  435.0	.
11555482	 1581.3	  581.4	  435.0	.
11555484	 1581.3	  580.5	  436.0	.
11555486	 1580.9	  580.3	  437.0	.
11555488	 1581.1	  580.1	  438.0	.
11555490	 1580.6	  580.2	  439.0	.
11555492	 1580.5	  580.5	  440.0	.
11555494	 1580.7	  580.7	  442.0	.
11555496	 1580.5	  582.0	  442.0	.
11555498	 1580.7	  581.4	  442.0	.
11555500	 1581.0	  581.4	  442.0	.
11555502	 1580.3	  581.3	  442.0	.
11555504	 1580.5	  581.3	  442.0	.
11555506	 1580.7	  581.2	  442.0	.
11555508	 1581.1	  580.9	  442.0	.
11555510	 1581.5	  580.6	  442.0	.
11555512	 1581.2	  579.4	  440.0	.
11555514	 1580.7	  578.7	  439.0	.
11555516	 1581.0	  579.6	  439.0	.
11555518	 1580.9	  578.9	  439.0	.
11555520	 1581.3	  579.9	  439.0	.
11555522	 1581.2	  579.7	  439.0	.
11555524	 1581.5	  579.6	  439.0	.
11555526	 1581.4	  579.4	  439.0	.
11555528	 1581.3	  579.5	  439.0	.
11555530	 1581.3	  581.0	  439.0	.
11555532	 1581.1	  582.6	  440.0	.
11555534	 1581.3	  582.5	  441.0	.
11555536	 1581.5	  583.0	  441.0	.
11555538	 1581.6	  583.0	  440.0	.
11555540	 1581.7	  582.9	  439.0	.
11555542	 1580.9	  582.4	  438.0	.
EFIX L   11555212	11555542	332	 1570.1	  572.6	    427
SSACC L  11555544
11555544	 1580.0	  581.7	  438.0	.
11555546	 1578.4	  580.9	  438.0	.
11555548	 1574.6	  580.8	  438.0	.
11555550	 1562.4	  580.8	  438.0	.
11555552	 1545.5	  583.1	  438.0	.
11555554	 1517.3	  583.9	  439.0	.
11555556	 1485.5	  584.7	  440.0	.
11555558	 1446.7	  585.5	  440.0	.
11555560	 1404.2	  586.2	  440.0	.
11555562	 1351.2	  587.1	  441.0	.
11555564	 1303.3	  587.7	  441.0	.
11555566	 1252.9	  590.5	  440.0	.
11555568	 1197.2	  593.1	  440.0	.
11555570	 1150.8	  592.5	  440.0	.
11555572	 1099.8	  593.3	  439.0	.
11555574	 1048.7	  593.8	  438.0	.
11555576	 1000.3	  592.9	  432.0	.
11555578	  945.7	  591.8	  431.0	.
11555580	  896.9	  594.8	  430.0	.
11555582	  852.5	  595.7	  429.0	.
11555584	  806.1	  600.3	  427.0	.
11555586	  762.2	  601.7	  426.0	.
11555588	  720.4	  603.0	  426.0	.
11555590	  681.5	  608.7	  426.0	.
11555592	  651.1	  612.4	  426.0	.
11555594	  617.5	  610.9	  423.0	.
11555596	  584.8	  606.6	  422.0	.
11555598	  557.9	  603.0	  422.0	.
11555600	  539.3	  599.8	  422.0	.
11555602	  522.7	  597.4	  421.0	.
11555604	  515.7	  595.6	  421.0	.
11555606	  515.3	  594.8	  422.0	.
11555608	  515.2	  593.3	  422.0	.
11555610	  515.1	  592.0	  423.0	.
ESACC L  11555544	11555610	68	 1580.0	  581.7	  515.2	  593.3	  25.09	    639
SFIX L   11555612
11555612	  516.2	  592.3	  423.0	.
11555614	  517.3	  592.0	  423.0	.
11555616	  517.4	  591.6	  425.0	.
11555618	  517.4	  591.6	  426.0	.
11555620	  517.3	  591.9	  426.0	.
11555622	  517.9	  592.2	  426.0	.
11555624	  518.5	  593.0	  423.0	.
11555626	  519.6	  592.5	  423.0	.
11555628	  521.7	  593.2	  423.0	.
11555630	  521.9	  593.5	  425.0	.
11555632	  522.1	  593.3	  423.0	.
11555634	  523.2	  595.0	  421.0	.
11555636	  523.7	  596.7	  421.0	.
11555638	  523.2	  597.0	  421.0	.
11555640	  522.8	  597.3	  416.0	.
11555642	  522.9	  597.3	  416.0	.
11555644	  522.7	  597.4	  416.0	.
11555646	  522.5	  599.3	  416.0	.
11555648	  522.0	  600.0	  416.0	.
11555650	  521.0	  600.7	  413.0	.
11555652	  520.0	  600.8	  413.0	.
11555654	  520.0	  601.1	  413.0	.
11555656	  518.8	  602.2	  412.0	.
11555658	  517.2	  601.7	  412.0	.
11555660	  517.8	  601.5	  411.0	.
11555662	  517.9	  602.2	  411.0	.
11555664	  518.1	  602.4	  412.0	.
11555666	  518.1	  602.3	  412.0	.
11555668	  518.4	  603.7	  411.0	.
11555670	  517.1	  602.6	  410.0	.
11555672	  516.6	  602.5	  410.0	.
11555674	  516.0	  602.7	  409.0	.
11555676	  516.1	  603.0	  409.0	.
11555678	  516.3	  603.1	  410.0	.
11555680	  516.0	  603.3	  412.0	.
11555682	  515.4	  602.1	  412.0	.
11555684	  514.5	  602.5	  410.0	.
11555686	  514.4	  602.8	  410.0	.
11555688	  514.5	  603.2	  410.0	.
11555690	  514.5	  603.2	  411.0	.
11555692	  514.5	  603.3	  412.0	.
11555694	  513.7	  602.3	  412.0	.
11555696	  513.2	  601.6	  413.0	.
11555698	  512.6	  601.7	  413.0	.
11555700	  511.9	  601.9	  413.0	.
11555702	  511.8	  602.2	  414.0	.
11555704	  511.7	  602.7	  414.0	.
11555706	  510.7	  603.1	  414.0	.
11555708	  510.8	  603.8	  414.0	.
11555710	  510.8	  604.6	  410.0	.
11555712	  510.1	  604.3	  408.0	.
11555714	  509.8	  605.6	  406.0	.
11555716	  509.6	  605.8	  405.0	.
11555718	  507.9	  605.7	  405.0	.
11555720	  508.2	  607.0	  405.0	.
11555722	  507.9	  606.5	  405.0	.
11555724	  507.7	  607.2	  405.0	.
11555726	  507.6	  607.9	  405.0	.
11555728	  507.9	  609.7	  405.0	.
11555730	  507.2	  609.5	  404.0	.
11555732	  506.9	  611.9	  403.0	.
11555734	  506.5	  610.9	  403.0	.
11555736	  506.3	  611.4	  403.0	.
11555738	  506.3	  611.9	  403.0	.
11555740	  506.5	  614.0	  403.0	.
11555742	  505.8	  614.6	  403.0	.
11555744	  505.2	  615.2	  403.0	.
11555746	  504.7	  617.6	  403.0	.
11555748	  504.6	  617.9	  403.0	.
11555750	  504.3	  617.2	  402.0	.
11555752	  503.6	  616.9	  402.0	.
11555754	  503.5	  617.0	  402.0	.
11555756	  504.1	  617.1	  402.0	.
11555758	  503.7	  617.1	  402.0	.
11555760	  503.4	  618.5	  401.0	.
11555762	  502.9	  618.7	  400.0	.
11555764	  503.3	  618.9	  401.0	.
11555766	  503.5	  619.2	  401.0	.
11555768	  503.5	  619.3	  403.0	.
11555770	  503.5	  619.6	  403.0	.
11555772	  504.0	  621.8	  403.0	.
11555774	  503.9	  621.9	  403.0	.
11555776	  503.8	  621.9	  403.0	.
11555778	  503.9	  622.5	  403.0	.
11555780	  503.9	  623.0	  403.0	.
11555782	  504.0	  623.6	  403.0	.
11555784	  503.7	  623.4	  403.0	.
11555786	  503.4	  623.3	  403.0	.
11555788	  502.3	  623.4	  403.0	.
11555790	  502.1	  623.1	  404.0	.
11555792	  501.9	  623.0	  404.0	.
11555794	  502.4	  623.3	  404.0	.
11555796	  502.7	  623.9	  405.0	.
11555798	  503.8	  624.0	  405.0	.
11555800	  504.4	  624.8	  405.0	.
11555802	  504.6	  625.3	  405.0	.
11555804	  503.7	  625.4	  406.0	.
11555806	  502.8	  624.1	  407.0	.
EFIX L   11555612	11555806	196	  511.4	  608.0	    410
SSACC L  11555808
11555808	  501.1	  625.2	  407.0	.
11555810	  497.1	  626.0	  404.0	.
11555812	  495.0	  624.0	  403.0	.
11555814	  490.8	  621.8	  402.0	.
11555816	  475.3	  619.7	  401.0	.
11555818	  472.4	  618.9	  400.0	.
11555820	  463.1	  616.8	  400.0	.
11555822	  454.6	  615.5	  400.0	.
11555824	  452.9	  614.9	  396.0	.
11555826	  452.4	  614.6	  396.0	.
ESACC L  11555808	11555826	20	  501.1	  625.2	  452.9	  614.9	   1.23	    102
SFIX L   11555828
11555828	  452.3	  614.8	  395.0	.
11555830	  453.0	  614.5	  396.0	.
11555832	  453.6	  614.2	  395.0	.
11555834	  455.2	  614.2	  394.0	.
11555836	  454.3	  613.9	  394.0	.
11555838	  454.6	  613.6	  394.0	.
11555840	  454.8	  613.3	  393.0	.
11555842	  456.0	  612.3	  393.0	.
11555844	  456.4	  611.2	  393.0	.
11555846	  455.5	  610.2	  392.0	.
11555848	  455.5	  609.9	  393.0	.
11555850	  455.7	  609.5	  392.0	.
11555852	  455.9	  609.7	  392.0	.
11555854	  456.3	  609.8	  392.0	.
11555856	  455.5	  609.7	  392.0	.
11555858	  455.5	  609.9	  390.0	.
11555860	  455.5	  610.2	  390.0	.
11555862	  455.7	  610.0	  390.0	.
11555864	  455.8	  610.0	  389.0	.
11555866	  456.1	  610.0	  389.0	.
11555868	  456.3	  610.1	  390.0	.
11555870	  456.1	  609.9	  391.0	.
11555872	  455.8	  610.8	  391.0	.
11555874	  454.9	  609.7	  391.0	.
11555876	  455.4	  609.0	  390.0	.
11555878	  456.0	  608.9	  390.0	.
11555880	  456.1	  609.0	  390.0	.
11555882	  455.6	  609.0	  390.0	.
11555884	  455.1	  609.1	  388.0	.
11555886	  454.6	  608.7	  388.0	.
11555888	  454.3	  608.4	  388.0	.
11555890	  454.1	  608.1	  389.0	.
11555892	  453.7	  607.9	  391.0	.
11555894	  453.3	  607.3	  390.0	.
11555896	  453.4	  608.3	  390.0	.
11555898	  452.9	  607.2	  390.0	.
11555900	  453.7	  606.4	  389.0	.
11555902	  453.5	  606.5	  389.0	.
11555904	  453.3	  606.8	  388.0	.
11555906	  453.5	  607.0	  387.0	.
11555908	  453.4	  606.4	  387.0	.
11555910	  453.5	  606.6	  387.0	.
11555912	  454.1	  607.1	  387.0	.
11555914	  453.9	  606.7	  386.0	.
11555916	  453.7	  606.9	  386.0	.
11555918	  454.0	  607.0	  385.0	.
11555920	  453.3	  606.8	  385.0	.
11555922	  453.1	  606.6	  385.0	.
11555924	  453.3	  607.5	  385.0	.
11555926	  453.3	  608.1	  385.0	.
11555928	  453.7	  609.1	  384.0	.
11555930	  453.7	  610.0	  384.0	.
11555932	  453.7	  611.5	  384.0	.
11555934	  453.8	  612.5	  385.0	.
11555936	  453.8	  612.8	  386.0	.
11555938	  453.8	  613.0	  386.0	.
11555940	  455.0	  614.1	  386.0	.
11555942	  454.6	  614.2	  386.0	.
11555944	  454.8	  614.5	  385.0	.
11555946	  454.1	  615.1	  385.0	.
11555948	  454.3	  615.8	  384.0	.
11555950	  454.5	  615.7	  384.0	.
11555952	  454.2	  616.0	  385.0	.
11555954	  453.8	  615.3	  385.0	.
11555956	  453.8	  614.7	  384.0	.
11555958	  453.8	  614.5	  384.0	.
11555960	  453.6	  614.2	  382.0	.
11555962	  454.6	  614.9	  382.0	.
11555964	  453.8	  614.4	  382.0	.
11555966	  453.7	  613.9	  382.0	.
11555968	  453.8	  612.6	  382.0	.
11555970	  453.8	  611.8	  381.0	.
11555972	  453.7	  611.2	  381.0	.
11555974	  453.6	  610.6	  381.0	.
11555976	  453.6	  610.2	  382.0	.
11555978	  452.7	  609.3	  383.0	.
11555980	  452.4	  608.6	  383.0	.
11555982	  452.1	  608.4	  380.0	.
11555984	  452.1	  608.3	  378.0	.
11555986	  452.0	  607.6	  378.0	.
11555988	  452.3	  607.7	  380.0	.
11555990	  452.1	  607.5	  380.0	.
11555992	  452.4	  607.5	  381.0	.
11555994	  452.8	  607.3	  381.0	.
11555996	  452.5	  605.6	  381.0	.
11555998	  452.4	  606.2	  382.0	.
11556000	  452.2	  607.0	  381.0	.
11556002	  452.0	  607.2	  380.0	.
11556004	  451.1	  607.1	  378.0	.
11556006	  450.4	  608.2	  377.0	.
11556008	  449.4	  608.3	  377.0	.
11556010	  449.4	  608.1	  377.0	.
11556012	  449.4	  608.5	  377.0	.
11556014	  448.4	  608.6	  376.0	.
11556016	  447.3	  608.1	  376.0	.
11556018	  447.0	  607.6	  376.0	.
11556020	  445.5	  606.3	  376.0	.
11556022	  444.2	  606.0	  375.0	.
11556024	  441.7	  603.3	  375.0	.
11556026	  440.5	  600.7	  375.0	.
11556028	  440.2	  599.3	  375.0	.
11556030	  439.7	  597.8	  376.0	.
11556032	  440.7	  591.5	  376.0	.
11556034	  442.2	  591.2	  377.0	.
11556036	  441.8	  591.6	  377.0	.
11556038	  441.8	  590.7	  377.0	.
11556040	  441.6	  591.5	  377.0	.
11556042	  441.5	  592.2	  377.0	.
11556044	  441.7	  592.5	  377.0	.
11556046	  441.7	  592.7	  376.0	.
11556048	  441.9	  594.6	  376.0	.
11556050	  441.8	  593.5	  376.0	.
11556052	  440.5	  594.2	  376.0	.
11556054	  440.6	  595.3	  377.0	.
11556056	  439.9	  593.2	  376.0	.
11556058	  439.2	  592.7	  376.0	.
11556060	  439.5	  592.4	  377.0	.
11556062	  439.6	  592.0	  377.0	.
11556064	  439.8	  591.8	  377.0	.
11556066	  439.5	  591.6	  377.0	.
11556068	  439.8	  591.5	  377.0	.
11556070	  439.4	  591.3	  377.0	.
11556072	  439.6	  588.9	  377.0	.
11556074	  438.7	  590.0	  377.0	.
11556076	  438.7	  591.2	  377.0	.
11556078	  438.5	  592.2	  376.0	.
11556080	  438.0	  592.4	  376.0	.
11556082	  437.3	  591.8	  376.0	.
11556084	  437.2	  592.8	  377.0	.
11556086	  437.3	  592.0	  379.0	.
11556088	  437.3	  591.1	  379.0	.
11556090	  437.1	  591.0	  379.0	.
11556092	  437.3	  591.1	  381.0	.
11556094	  437.2	  591.1	  380.0	.
11556096	  437.3	  591.4	  380.0	.
11556098	  437.1	  591.6	  380.0	.
11556100	  437.0	  590.2	  378.0	.
11556102	  436.9	  590.6	  377.0	.
11556104	  437.0	  591.0	  377.0	.
11556106	  437.0	  591.0	  377.0	.
11556108	  436.5	  592.4	  376.0	.
11556110	  436.8	  593.1	  376.0	.
11556112	  436.4	  593.6	  377.0	.
11556114	  435.8	  593.5	  376.0	.
11556116	  435.5	  594.1	  375.0	.
11556118	  435.2	  593.2	  374.0	.
11556120	  435.9	  592.8	  374.0	.
11556122	  436.5	  592.7	  375.0	.
11556124	  436.5	  593.7	  375.0	.
11556126	  437.3	  593.6	  375.0	.
11556128	  436.9	  595.0	  374.0	.
11556130	  436.4	  596.6	  374.0	.
11556132	  435.7	  596.2	  374.0	.
11556134	  435.7	  596.2	  375.0	.
11556136	  435.9	  596.9	  375.0	.
11556138	  435.0	  596.4	  375.0	.
11556140	  435.4	  596.0	  374.0	.
11556142	  435.0	  596.2	  374.0	.
11556144	  435.6	  596.3	  374.0	.
11556146	  435.3	  594.7	  375.0	.
11556148	  436.1	  595.4	  375.0	.
11556150	  436.8	  596.4	  375.0	.
11556152	  437.1	  594.3	  376.0	.
11556154	  436.4	  594.4	  376.0	.
11556156	  436.9	  594.5	  376.0	.
11556158	  437.4	  595.3	  376.0	.
11556160	  437.2	  595.8	  376.0	.
11556162	  437.7	  595.3	  376.0	.
11556164	  438.2	  594.6	  376.0	.
11556166	  438.2	  594.8	  375.0	.
11556168	  438.3	  594.8	  375.0	.
11556170	  438.5	  594.7	  375.0	.
11556172	  438.1	  594.3	  375.0	.
11556174	  437.7	  593.7	  375.0	.
11556176	  438.6	  593.3	  375.0	.
11556178	  439.3	  591.6	  376.0	.
11556180	  439.5	  592.0	  376.0	.
11556182	  439.3	  590.7	  376.0	.
11556184	  439.1	  589.3	  377.0	.
11556186	  439.0	  587.9	  385.0	.
11556188	  438.9	  586.4	  385.0	.
11556190	  439.1	  587.8	  386.0	.
11556192	  439.3	  589.2	  384.0	.
11556194	  440.6	  589.7	  384.0	.
11556196	  440.3	  589.2	  384.0	.
11556198	  440.3	  589.1	  384.0	.
11556200	  440.2	  589.2	  384.0	.
11556202	  439.8	  589.0	  384.0	.
11556204	  440.5	  588.9	  383.0	.
11556206	  440.7	  589.1	  383.0	.
11556208	  440.7	  588.0	  382.0	.
11556210	  440.8	  587.9	  381.0	.
11556212	  440.8	  587.8	  380.0	.
11556214	  443.0	  586.0	  379.0	.
11556216	  443.8	  586.2	  379.0	.
11556218	  443.5	  586.1	  380.0	.
11556220	  443.5	  585.1	  381.0	.
11556222	  443.6	  583.9	  381.0	.
11556224	  443.3	  584.3	  382.0	.
11556226	  443.3	  584.6	  383.0	.
11556228	  443.2	  585.6	  386.0	.
11556230	  443.5	  584.5	  386.0	.
11556232	  443.7	  583.5	  384.0	.
11556234	  443.9	  583.0	  383.0	.
11556236	  444.1	  583.8	  383.0	.
11556238	  443.9	  583.0	  383.0	.
11556240	  444.2	  582.3	  382.0	.
11556242	  444.7	  581.4	  382.0	.
11556244	  444.0	  581.0	  382.0	.
11556246	  443.5	  580.5	  383.0	.
11556248	  443.9	  579.7	  383.0	.
11556250	  443.9	  578.6	  383.0	.
11556252	  443.6	  577.3	  383.0	.
11556254	  444.5	  577.4	  382.0	.
11556256	  444.4	  577.4	  383.0	.
11556258	  444.5	  577.2	  383.0	.
11556260	  444.4	  577.1	  384.0	.
11556262	  444.6	  576.9	  385.0	.
11556264	  444.8	  576.8	  385.0	.
11556266	  445.4	  577.3	  385.0	.
11556268	  444.8	  577.7	  385.0	.
11556270	  445.4	  576.9	  386.0	.
11556272	  445.8	  576.2	  386.0	.
11556274	  446.4	  575.6	  386.0	.
11556276	  446.8	  575.3	  387.0	.
11556278	  447.1	  576.4	  388.0	.
11556280	  447.2	  576.8	  388.0	.
11556282	  447.4	  576.5	  390.0	.
11556284	  447.3	  577.6	  392.0	.
11556286	  447.3	  577.5	  392.0	.
11556288	  447.9	  577.7	  392.0	.
11556290	  448.2	  576.6	  392.0	.
11556292	  448.2	  576.9	  392.0	.
11556294	  447.7	  576.8	  393.0	.
11556296	  447.1	  577.1	  393.0	.
11556298	  447.4	  577.6	  393.0	.
11556300	  447.4	  577.2	  392.0	.
11556302	  447.4	  577.3	  392.0	.
11556304	  447.2	  577.2	  392.0	.
11556306	  449.3	  577.2	  392.0	.
11556308	  451.2	  577.5	  392.0	.
11556310	  451.8	  577.3	  392.0	.
11556312	  450.9	  576.5	  392.0	.
11556314	  450.6	  576.1	  392.0	.
11556316	  450.4	  576.1	  391.0	.
11556318	  450.3	  576.1	  391.0	.
11556320	  450.4	  575.5	  391.0	.
11556322	  450.7	  574.9	  391.0	.
11556324	  450.8	  573.9	  391.0	.
11556326	  451.3	  573.9	  392.0	.
11556328	  451.8	  574.0	  392.0	.
11556330	  451.7	  571.5	  393.0	.
11556332	  451.8	  572.1	  393.0	.
11556334	  453.0	  572.1	  393.0	.
11556336	  453.0	  572.8	  393.0	.
11556338	  453.2	  573.4	  392.0	.
11556340	  453.0	  572.7	  392.0	.
11556342	  452.7	  571.8	  392.0	.
11556344	  451.9	  569.8	  393.0	.
11556346	  451.3	  569.7	  393.0	.
11556348	  451.3	  571.9	  392.0	.
11556350	  451.2	  572.4	  392.0	.
11556352	  449.8	  572.3	  393.0	.
11556354	  449.5	  572.3	  394.0	.
11556356	  449.2	  573.5	  395.0	.
11556358	  448.6	  573.1	  395.0	.
11556360	  448.7	  573.1	  395.0	.
11556362	  448.8	  573.2	  395.0	.
11556364	  450.3	  573.6	  395.0	.
11556366	  449.5	  573.9	  395.0	.
11556368	  448.6	  574.1	  396.0	.
11556370	  448.7	  575.9	  398.0	.
11556372	  448.9	  577.7	  401.0	.
11556374	  449.1	  578.7	  401.0	.
11556376	  449.0	  579.7	  401.0	.
11556378	  448.8	  580.2	  401.0	.
11556380	  448.7	  580.7	  403.0	.
11556382	  448.5	  580.3	  404.0	.
11556384	  447.4	  579.6	  404.0	.
11556386	  448.0	  580.7	  404.0	.
11556388	  448.6	  581.2	  407.0	.
11556390	  448.7	  581.5	  406.0	.
11556392	  448.3	  581.0	  406.0	.
11556394	  447.9	  581.2	  406.0	.
11556396	  448.0	  581.3	  406.0	.
11556398	  447.8	  581.1	  405.0	.
11556400	  447.7	  581.0	  405.0	.
11556402	  448.1	  580.9	  406.0	.
11556404	  448.0	  580.8	  406.0	.
11556406	  448.0	  580.7	  406.0	.
11556408	  448.0	  580.6	  406.0	.
11556410	  447.9	  579.9	  406.0	.
11556412	  447.2	  579.7	  406.0	.
11556414	  447.0	  579.5	  407.0	.
EFIX L   11555828	11556414	588	  446.6	  593.4	    385
SSACC L  11556416
11556416	  447.5	  578.5	  408.0	.
11556418	  448.0	  577.3	  408.0	.
11556420	  449.2	  576.2	  407.0	.
11556422	  464.4	  577.2	  408.0	.
11556424	  477.5	  578.9	  408.0	.
11556426	  499.4	  581.8	  410.0	.
11556428	  524.6	  583.6	  410.0	.
11556430	  553.6	  585.8	  410.0	.
11556432	  592.1	  591.0	  413.0	.
11556434	  627.5	  591.2	  414.0	.
11556436	  661.8	  589.8	  416.0	.
11556438	  693.9	  590.2	  418.0	.
11556440	  737.2	  591.9	  420.0	.
11556442	  778.7	  593.9	  420.0	.
11556444	  817.5	  596.0	  420.0	.
11556446	  860.3	  598.6	  419.0	.
11556448	  899.7	  602.1	  419.0	.
11556450	  945.9	  608.4	  421.0	.
11556452	  986.6	  616.4	  424.0	.
11556454	 1026.5	  620.6	  423.0	.
11556456	 1072.7	  625.1	  424.0	.
11556458	 1115.1	  627.7	  424.0	.
11556460	 1154.9	  642.1	  425.0	.
11556462	 1196.0	  649.4	  426.0	.
11556464	 1238.1	  651.6	  427.0	.
11556466	 1277.2	  662.8	  429.0	.
11556468	 1311.4	  667.5	  428.0	.
11556470	 1347.1	  677.7	  428.0	.
11556472	 1376.3	  684.4	  428.0	.
11556474	 1406.9	  683.8	  428.0	.
11556476	 1437.6	  683.2	  428.0	.
11556478	 1465.5	  683.2	  431.0	.
11556480	 1487.0	  683.1	  434.0	.
11556482	 1509.5	  679.7	  435.0	.
11556484	 1522.2	  678.6	  436.0	.
11556486	 1528.5	  677.6	  436.0	.
11556488	 1532.1	  678.8	  436.0	.
11556490	 1533.5	  679.1	  438.0	.
ESACC L  11556416	11556490	76	  447.5	  578.5	 1532.1	  678.8	  25.80	    535
SFIX L   11556492
11556492	 1533.9	  678.9	  441.0	.
11556494	 1534.1	  678.9	  441.0	.
11556496	 1534.2	  678.8	  441.0	.
11556498	 1534.1	  678.6	  441.0	.
11556500	 1534.1	  678.1	  441.0	.
11556502	 1534.2	  678.7	  441.0	.
11556504	 1534.1	  678.7	  442.0	.
11556506	 1533.9	  678.7	  442.0	.
11556508	 1533.8	  678.5	  442.0	.
11556510	 1533.6	  679.3	  441.0	.
11556512	 1533.2	  679.1	  441.0	.
11556514	 1532.4	  678.9	  441.0	.
11556516	 1531.7	  678.7	  441.0	.
11556518	 1531.6	  678.8	  440.0	.
11556520	 1532.0	  678.9	  440.0	.
11556522	 1532.3	  678.9	  440.0	.
11556524	 1531.7	  678.7	  440.0	.
11556526	 1531.1	  678.9	  440.0	.
11556528	 1529.1	  677.2	  440.0	.
11556530	 1528.2	  675.4	  441.0	.
11556532	 1528.2	  676.2	  441.0	.
11556534	 1528.2	  675.7	  442.0	.
11556536	 1527.4	  675.3	  442.0	.
11556538	 1527.6	  676.4	  442.0	.
11556540	 1527.4	  676.1	  442.0	.
11556542	 1527.1	  675.6	  442.0	.
11556544	 1526.9	  675.3	  442.0	.
11556546	 1525.8	  674.9	  441.0	.
11556548	 1526.6	  675.0	  441.0	.
11556550	 1526.1	  674.8	  443.0	.
11556552	 1525.8	  675.4	  443.0	.
11556554	 1525.8	  675.8	  443.0	.
11556556	 1525.6	  675.5	  443.0	.
11556558	 1526.0	  675.2	  444.0	.
11556560	 1525.9	  675.1	  444.0	.
11556562	 1526.1	  675.0	  444.0	.
11556564	 1525.3	  673.7	  445.0	.
11556566	 1525.0	  672.4	  444.0	.
11556568	 1525.5	  673.5	  446.0	.
11556570	 1525.4	  674.5	  447.0	.
11556572	 1525.2	  673.4	  447.0	.
11556574	 1525.3	  673.7	  448.0	.
11556576	 1525.4	  673.4	  448.0	.
11556578	 1525.5	  673.4	  449.0	.
11556580	 1523.9	  673.5	  450.0	.
11556582	 1523.4	  673.7	  451.0	.
11556584	 1523.6	  673.8	  452.0	.
11556586	 1523.5	  673.6	  453.0	.
11556588	 1523.4	  673.6	  455.0	.
11556590	 1523.3	  673.5	  453.0	.
11556592	 1523.0	  673.6	  453.0	.
11556594	 1522.8	  673.6	  452.0	.
11556596	 1522.7	  673.7	  450.0	.
11556598	 1522.8	  673.8	  450.0	.
11556600	 1521.9	  673.9	  450.0	.
11556602	 1521.3	  674.9	  449.0	.
11556604	 1521.2	  675.0	  449.0	.
11556606	 1521.0	  674.9	  449.0	.
11556608	 1520.5	  675.3	  451.0	.
11556610	 1520.5	  675.3	  451.0	.
11556612	 1520.5	  675.6	  451.0	.
11556614	 1520.0	  674.7	  454.0	.
11556616	 1519.7	  673.9	  454.0	.
11556618	 1519.4	  673.0	  454.0	.
11556620	 1518.9	  673.2	  453.0	.
11556622	 1518.8	  673.3	  453.0	.
11556624	 1518.7	  673.7	  453.0	.
11556626	 1517.7	  674.2	  453.0	.
11556628	 1516.7	  674.4	  453.0	.
11556630	 1516.4	  674.5	  453.0	.
11556632	 1516.6	  674.3	  453.0	.
11556634	 1516.4	  674.2	  453.0	.
11556636	 1516.5	  673.5	  453.0	.
11556638	 1516.4	  673.8	  453.0	.
11556640	 1516.4	  674.0	  453.0	.
11556642	 1516.7	  673.6	  453.0	.
11556644	 1517.1	  673.2	  453.0	.
11556646	 1516.6	  673.8	  454.0	.
11556648	 1516.4	  673.5	  455.0	.
11556650	 1516.1	  673.2	  455.0	.
11556652	 1515.8	  672.7	  455.0	.
11556654	 1515.5	  672.9	  456.0	.
11556656	 1515.9	  673.1	  458.0	.
11556658	 1514.7	  672.9	  458.0	.
11556660	 1515.0	  672.8	  458.0	.
11556662	 1513.5	  672.8	  458.0	.
11556664	 1512.0	  672.9	  457.0	.
11556666	 1511.4	  673.0	  458.0	.
11556668	 1511.4	  673.3	  458.0	.
11556670	 1511.3	  673.5	  459.0	.
11556672	 1511.8	  673.5	  459.0	.
11556674	 1511.8	  673.9	  459.0	.
11556676	 1511.8	  673.9	  459.0	.
11556678	 1511.7	  673.8	  463.0	.
11556680	 1511.6	  673.2	  463.0	.
11556682	 1510.8	  673.6	  463.0	.
11556684	 1510.7	  673.3	  463.0	.
11556686	 1510.7	  673.2	  466.0	.
11556688	 1510.2	  673.2	  466.0	.
11556690	 1510.2	  671.9	  466.0	.
11556692	 1509.7	  671.8	  466.0	.
11556694	 1509.4	  671.6	  463.0	.
11556696	 1509.5	  672.3	  461.0	.
11556698	 1509.4	  671.9	  460.0	.
11556700	 1509.6	  672.1	  460.0	.
11556702	 1509.6	  671.9	  461.0	.
11556704	 1509.1	  672.3	  460.0	.
11556706	 1508.8	  671.7	  460.0	.
11556708	 1508.7	  671.2	  461.0	.
11556710	 1508.7	  671.1	  463.0	.
11556712	 1509.1	  671.1	  463.0	.
11556714	 1509.4	  671.1	  466.0	.
11556716	 1509.8	  671.1	  466.0	.
11556718	 1510.2	  670.3	  465.0	.
11556720	 1510.3	  670.5	  465.0	.
11556722	 1510.2	  670.3	  464.0	.
11556724	 1511.2	  670.3	  463.0	.
11556726	 1510.8	  669.9	  465.0	.
11556728	 1510.7	  669.5	  467.0	.
11556730	 1510.6	  669.5	  467.0	.
11556732	 1510.7	  669.5	  467.0	.
11556734	 1510.7	  669.1	  467.0	.
11556736	 1510.3	  669.1	  466.0	.
11556738	 1509.6	  668.6	  466.0	.
11556740	 1510.0	  668.8	  466.0	.
11556742	 1510.0	  667.7	  466.0	.
11556744	 1509.3	  666.7	  466.0	.
11556746	 1509.2	  666.2	  467.0	.
11556748	 1509.1	  666.7	  467.0	.
11556750	 1508.8	  666.4	  467.0	.
11556752	 1508.7	  666.6	  467.0	.
11556754	 1508.5	  666.8	  468.0	.
11556756	 1508.3	  666.7	  469.0	.
11556758	 1508.3	  667.1	  470.0	.
11556760	 1508.8	  667.1	  470.0	.
11556762	 1509.2	  667.0	  470.0	.
11556764	 1508.4	  667.0	  468.0	.
11556766	 1508.5	  666.8	  468.0	.
11556768	 1508.2	  666.9	  470.0	.
11556770	 1508.9	  667.7	  470.0	.
11556772	 1509.0	  667.8	  470.0	.
11556774	 1509.1	  667.8	  474.0	.
11556776	 1508.1	  667.0	  476.0	.
11556778	 1507.1	  666.5	  476.0	.
11556780	 1506.8	  666.6	  476.0	.
11556782	 1506.5	  666.6	  476.0	.
11556784	 1505.6	  666.7	  476.0	.
11556786	 1506.0	  666.7	  476.0	.
11556788	 1506.0	  667.4	  476.0	.
11556790	 1506.2	  667.3	  476.0	.
11556792	 1506.5	  667.2	  475.0	.
11556794	 1506.2	  666.9	  474.0	.
11556796	 1506.3	  666.9	  474.0	.
11556798	 1506.2	  666.9	  474.0	.
11556800	 1505.4	  667.1	  474.0	.
11556802	 1505.2	  668.3	  474.0	.
11556804	 1504.9	  667.8	  475.0	.
11556806	 1504.9	  668.6	  475.0	.
11556808	 1505.4	  668.6	  475.0	.
11556810	 1504.7	  668.7	  476.0	.
11556812	 1504.2	  668.6	  476.0	.
11556814	 1502.5	  668.6	  476.0	.
11556816	 1502.5	  667.2	  476.0	.
11556818	 1503.0	  669.5	  476.0	.
11556820	 1503.5	  671.6	  477.0	.
11556822	 1503.7	  673.5	  477.0	.
11556824	 1504.6	  673.8	  477.0	.
11556826	 1504.2	  673.8	  478.0	.
11556828	 1504.1	  673.5	  478.0	.
11556830	 1504.0	  673.0	  478.0	.
11556832	 1504.0	  672.2	  479.0	.
11556834	 1504.0	  672.4	  480.0	.
11556836	 1503.8	  670.9	  480.0	.
11556838	 1504.1	  672.4	  480.0	.
11556840	 1503.8	  672.0	  480.0	.
11556842	 1503.8	  671.7	  480.0	.
11556844	 1503.9	  671.4	  481.0	.
MSG	11556845 TRIAL 18 END
