MSG	11565873 TRIAL 20 START
MSG	11566769 DRIFTCORRECT L LEFT  at 960,540  OFFSET 0.37 deg.  14.3,-3.6 pix.
MSG	11567513 RECCFG P 500 2 1 
MSG	11567513 GAZE_COORDS 0.00 0.00 1919.00 1079.00
START	11567514 	LEFT	SAMPLES	EVENTS
PRESCALER	1
VPRESCALER	1
PUPIL	AREA
EVENTS	GAZE	LEFT	RATE	 500.00	TRACKING	P	FILTER	2
SAMPLES	GAZE	LEFT	RATE	 500.00	TRACKING	P	FILTER	2
MSG	11567514 !MODE RECORD P 500 2 1
11567514	  894.6	  599.6	  518.0	.
11567516	  894.5	  600.0	  518.0	.
11567518	  894.1	  599.0	  518.0	.
11567520	  894.1	  598.0	  518.0	.
SFIX L   11567522
11567522	  893.2	  597.7	  518.0	.
11567524	  893.3	  597.8	  518.0	.
11567526	  893.1	  597.3	  518.0	.
11567528	  892.3	  596.7	  519.0	.
11567530	  891.8	  595.4	  519.0	.
11567532	  891.6	  595.7	  520.0	.
11567534	  890.8	  595.8	  522.0	.
11567536	  890.4	  595.0	  522.0	.
11567538	  890.0	  594.8	  521.0	.
11567540	  890.2	  594.9	  521.0	.
11567542	  890.4	  595.0	  520.0	.
11567544	  891.3	  599.2	  519.0	.
11567546	  891.6	  599.4	  519.0	.
11567548	  892.1	  600.8	  518.0	.
11567550	  892.3	  602.2	  518.0	.
11567552	  892.6	  604.3	  518.0	.
11567554	  892.3	  603.4	  518.0	.
11567556	  891.8	  604.2	  519.0	.
11567558	  891.5	  604.5	  519.0	.
11567560	  891.5	  604.6	  519.0	.
11567562	  891.6	  604.6	  518.0	.
11567564	  891.6	  607.2	  518.0	.
11567566	  891.4	  607.1	  519.0	.
11567568	  891.4	  607.1	  519.0	.
11567570	  891.4	  608.0	  519.0	.
11567572	  891.3	  607.8	  519.0	.
11567574	  891.4	  608.5	  520.0	.
11567576	  891.3	  608.8	  523.0	.
11567578	  891.2	  609.0	  523.0	.
11567580	  891.2	  609.2	  524.0	.
11567582	  891.2	  609.4	  525.0	.
11567584	  891.2	  609.6	  525.0	.
11567586	  891.1	  609.4	  524.0	.
11567588	  891.5	  609.4	  524.0	.
11567590	  891.8	  609.0	  519.0	.
11567592	  893.3	  608.6	  518.0	.
11567594	  894.3	  608.6	  517.0	.
11567596	  895.0	  608.9	  517.0	.
11567598	  893.7	  608.9	  517.0	.
11567600	  893.2	  608.8	  516.0	.
11567602	  892.8	  608.3	  517.0	.
11567604	  892.7	  608.0	  518.0	.
11567606	  892.7	  607.9	  518.0	.
11567608	  892.7	  608.0	  519.0	.
11567610	  892.0	  606.9	  519.0	.
11567612	  891.6	  605.8	  519.0	.
11567614	  891.3	  605.0	  519.0	.
11567616	  891.6	  604.7	  518.0	.
11567618	  891.8	  606.3	  518.0	.
11567620	  891.9	  606.6	  517.0	.
11567622	  892.0	  607.0	  517.0	.
MSG	11567624 Start Recording with 0
MSG	11567624 SYNCTIME
11567624	  891.0	  606.7	  517.0	.
11567626	  890.8	  607.4	  517.0	.
11567628	  890.9	  608.1	  517.0	.
11567630	  891.1	  608.9	  517.0	.
11567632	  891.4	  609.2	  518.0	.
MSG	11567633 DSP: FIXATION
11567634	  891.7	  608.7	  517.0	.
11567636	  891.3	  608.5	  518.0	.
11567638	  891.3	  608.3	  518.0	.
11567640	  891.2	  607.4	  518.0	.
11567642	  891.3	  607.8	  518.0	.
11567644	  891.6	  606.8	  518.0	.
11567646	  891.7	  606.7	  518.0	.
11567648	  891.8	  606.7	  519.0	.
11567650	  891.9	  606.7	  520.0	.
11567652	  892.0	  606.7	  520.0	.
11567654	  891.5	  607.4	  519.0	.
11567656	  891.8	  607.3	  519.0	.
11567658	  892.2	  607.8	  517.0	.
11567660	  892.4	  608.4	  517.0	.
11567662	  892.7	  609.7	  517.0	.
11567664	  893.0	  610.0	  516.0	.
11567666	  892.8	  610.1	  516.0	.
11567668	  893.0	  610.6	  517.0	.
11567670	  892.8	  611.0	  520.0	.
11567672	  893.0	  611.5	  521.0	.
11567674	  892.8	  611.6	  523.0	.
11567676	  892.7	  611.8	  523.0	.
11567678	  892.3	  612.8	  523.0	.
11567680	  892.2	  612.0	  523.0	.
11567682	  892.2	  611.6	  523.0	.
11567684	  892.7	  611.7	  523.0	.
11567686	  892.9	  611.6	  523.0	.
11567688	  893.6	  611.9	  522.0	.
11567690	  893.5	  611.8	  522.0	.
11567692	  893.3	  612.5	  517.0	.
11567694	  893.1	  613.0	  517.0	.
11567696	  893.0	  613.4	  517.0	.
11567698	  892.9	  613.6	  517.0	.
11567700	  892.9	  613.5	  517.0	.
11567702	  892.5	  613.4	  517.0	.
11567704	  892.8	  613.5	  517.0	.
11567706	  892.4	  613.6	  518.0	.
11567708	  892.9	  614.2	  518.0	.
11567710	  892.9	  613.7	  518.0	.
11567712	  893.0	  613.7	  519.0	.
11567714	  892.9	  613.5	  519.0	.
11567716	  893.5	  613.5	  519.0	.
11567718	  893.7	  613.7	  519.0	.
11567720	  893.5	  613.3	  519.0	.
11567722	  893.5	  612.7	  519.0	.
11567724	  893.5	  612.5	  518.0	.
11567726	  893.0	  612.5	  518.0	.
11567728	  892.8	  612.8	  518.0	.
11567730	  892.9	  613.7	  518.0	.
11567732	  893.1	  614.3	  518.0	.
11567734	  893.3	  614.6	  520.0	.
11567736	  893.1	  614.5	  520.0	.
11567738	  892.8	  614.2	  520.0	.
11567740	  893.0	  614.0	  520.0	.
11567742	  893.1	  613.6	  520.0	.
11567744	  893.1	  613.1	  520.0	.
11567746	  893.1	  612.7	  521.0	.
11567748	  893.4	  612.7	  521.0	.
11567750	  893.2	  612.6	  521.0	.
11567752	  893.5	  611.3	  520.0	.
11567754	  893.3	  611.4	  520.0	.
11567756	  893.5	  611.6	  521.0	.
11567758	  893.6	  611.4	  521.0	.
11567760	  893.6	  611.3	  521.0	.
11567762	  893.4	  611.0	  521.0	.
11567764	  893.4	  610.9	  520.0	.
11567766	  893.2	  610.4	  520.0	.
11567768	  893.5	  610.8	  521.0	.
11567770	  892.8	  610.7	  525.0	.
11567772	  892.9	  610.7	  525.0	.
11567774	  892.9	  611.3	  525.0	.
11567776	  893.7	  611.9	  525.0	.
EFIX L   11567522	11567776	256	  892.4	  608.2	    519
SSACC L  11567778
11567778	  894.7	  610.4	  526.0	.
11567780	  897.9	  609.0	  528.0	.
11567782	  904.7	  605.9	  530.0	.
11567784	  911.9	  604.4	  530.0	.
11567786	  925.9	  604.0	  529.0	.
11567788	  937.4	  596.6	  529.0	.
11567790	  944.0	  592.4	  529.0	.
11567792	  953.7	  580.9	  529.0	.
11567794	  961.8	  579.7	  529.0	.
11567796	  966.7	  578.0	  529.0	.
11567798	  966.2	  576.2	  530.0	.
11567800	  969.9	  575.7	  531.0	.
ESACC L  11567778	11567800	24	  894.7	  610.4	  966.2	  576.2	   2.05	    143
SFIX L   11567802
11567802	  969.2	  575.2	  531.0	.
11567804	  968.4	  572.8	  532.0	.
11567806	  966.5	  572.3	  535.0	.
11567808	  966.4	  572.3	  535.0	.
11567810	  965.0	  572.2	  536.0	.
11567812	  964.5	  572.6	  536.0	.
11567814	  964.0	  572.9	  535.0	.
11567816	  963.8	  573.3	  535.0	.
11567818	  964.0	  573.7	  534.0	.
11567820	  963.7	  574.6	  535.0	.
11567822	  964.3	  574.8	  536.0	.
11567824	  964.3	  574.9	  536.0	.
11567826	  964.7	  577.3	  536.0	.
11567828	  964.1	  575.6	  534.0	.
11567830	  964.2	  575.5	  535.0	.
11567832	  963.8	  575.5	  536.0	.
11567834	  963.8	  575.4	  536.0	.
11567836	  964.0	  575.5	  536.0	.
11567838	  963.4	  575.6	  536.0	.
11567840	  963.3	  575.2	  536.0	.
11567842	  963.4	  575.3	  536.0	.
11567844	  963.1	  575.0	  536.0	.
11567846	  962.8	  575.2	  533.0	.
11567848	  962.1	  574.9	  533.0	.
11567850	  962.2	  575.6	  533.0	.
11567852	  962.0	  575.1	  531.0	.
11567854	  961.2	  575.1	  531.0	.
11567856	  960.4	  575.2	  532.0	.
11567858	  959.9	  575.7	  531.0	.
11567860	  959.5	  576.9	  532.0	.
11567862	  959.6	  578.1	  532.0	.
11567864	  959.5	  577.2	  531.0	.
11567866	  959.6	  577.0	  532.0	.
11567868	  959.9	  577.2	  532.0	.
11567870	  959.8	  577.3	  533.0	.
11567872	  960.5	  577.5	  535.0	.
11567874	  959.6	  577.5	  537.0	.
11567876	  959.8	  578.6	  536.0	.
11567878	  959.9	  578.7	  536.0	.
11567880	  959.6	  578.8	  536.0	.
11567882	  959.4	  579.8	  535.0	.
11567884	  959.8	  579.7	  535.0	.
11567886	  959.5	  579.8	  534.0	.
11567888	  959.9	  579.7	  533.0	.
11567890	  959.0	  577.4	  532.0	.
11567892	  959.6	  577.0	  530.0	.
11567894	  960.1	  576.5	  528.0	.
11567896	  960.5	  576.7	  527.0	.
11567898	  960.8	  576.3	  524.0	.
11567900	  961.1	  575.9	  524.0	.
11567902	  961.6	  576.0	  523.0	.
11567904	  961.7	  575.8	  522.0	.
11567906	  961.8	  575.4	  522.0	.
11567908	  962.0	  575.9	  522.0	.
11567910	  961.9	  576.3	  519.0	.
11567912	  962.4	  575.9	  519.0	.
11567914	  962.9	  575.4	  519.0	.
11567916	  963.0	  575.5	  519.0	.
11567918	  962.9	  575.6	  519.0	.
11567920	  962.8	  575.2	  512.0	.
11567922	  963.0	  576.6	  511.0	.
11567924	  962.7	  578.1	  511.0	.
11567926	  963.0	  578.3	  511.0	.
11567928	  962.7	  578.5	  511.0	.
11567930	  962.5	  578.8	  511.0	.
11567932	  962.4	  577.9	  509.0	.
11567934	  963.1	  580.0	  507.0	.
11567936	  963.0	  581.0	  507.0	.
11567938	  963.8	  581.9	  507.0	.
11567940	  963.7	  581.8	  506.0	.
11567942	  963.8	  583.1	  506.0	.
11567944	  964.1	  583.5	  502.0	.
11567946	  964.1	  583.7	  499.0	.
11567948	  964.3	  584.4	  496.0	.
11567950	  964.7	  585.0	  494.0	.
11567952	  964.9	  585.8	  494.0	.
11567954	  964.8	  586.3	  494.0	.
11567956	  965.6	  587.8	  485.0	.
11567958	  966.1	  587.9	  485.0	.
11567960	  966.4	  588.2	  487.0	.
11567962	  966.6	  588.4	  487.0	.
11567964	  966.7	  588.8	  487.0	.
11567966	  966.4	  589.6	  487.0	.
11567968	  966.2	  590.0	  487.0	.
11567970	  965.5	  590.4	  487.0	.
11567972	  965.7	  590.9	  487.0	.
11567974	  965.3	  591.3	  487.0	.
11567976	  965.3	  590.9	  486.0	.
11567978	  965.1	  590.7	  485.0	.
11567980	  965.1	  590.6	  484.0	.
11567982	  965.2	  591.0	  484.0	.
11567984	  965.1	  590.3	  483.0	.
11567986	  965.2	  590.2	  482.0	.
11567988	  965.5	  590.5	  480.0	.
11567990	  965.4	  589.6	  479.0	.
11567992	  965.6	  589.5	  476.0	.
11567994	  966.1	  589.6	  475.0	.
11567996	  966.0	  589.0	  475.0	.
11567998	  966.1	  589.9	  474.0	.
11568000	  965.3	  590.9	  473.0	.
11568002	  965.2	  590.7	  473.0	.
11568004	  965.4	  590.7	  471.0	.
11568006	  965.3	  590.7	  470.0	.
11568008	  965.3	  590.4	  467.0	.
11568010	  965.3	  589.9	  465.0	.
11568012	  965.1	  590.7	  465.0	.
11568014	  964.9	  591.3	  465.0	.
11568016	  964.6	  591.1	  464.0	.
11568018	  964.4	  591.5	  464.0	.
11568020	  964.2	  592.0	  464.0	.
11568022	  964.3	  591.4	  464.0	.
11568024	  964.4	  591.8	  463.0	.
11568026	  964.5	  591.8	  461.0	.
11568028	  965.5	  591.6	  459.0	.
11568030	  965.9	  591.4	  459.0	.
11568032	  965.8	  590.1	  459.0	.
11568034	  965.5	  588.8	  457.0	.
11568036	  965.5	  589.3	  457.0	.
11568038	  965.7	  589.8	  457.0	.
11568040	  964.5	  588.6	  455.0	.
11568042	  963.8	  589.3	  453.0	.
11568044	  963.3	  589.4	  450.0	.
11568046	  963.8	  589.2	  450.0	.
11568048	  964.2	  589.0	  450.0	.
11568050	  964.6	  588.9	  449.0	.
11568052	  964.4	  586.9	  449.0	.
11568054	  964.4	  586.5	  448.0	.
11568056	  964.4	  586.1	  447.0	.
11568058	  963.5	  584.0	  447.0	.
11568060	  963.9	  586.2	  446.0	.
11568062	  964.3	  588.5	  445.0	.
11568064	  964.6	  589.2	  445.0	.
11568066	  964.6	  589.4	  446.0	.
11568068	  964.6	  589.4	  446.0	.
11568070	  965.2	  589.2	  446.0	.
11568072	  964.8	  590.0	  446.0	.
11568074	  964.3	  590.9	  443.0	.
11568076	  964.4	  590.1	  443.0	.
11568078	  964.4	  590.4	  444.0	.
11568080	  965.6	  589.3	  444.0	.
11568082	  965.9	  588.9	  439.0	.
11568084	  966.2	  588.5	  436.0	.
EFIX L   11567802	11568084	284	  963.7	  582.9	    498
SSACC L  11568086
11568086	  963.7	  588.0	  435.0	.
11568088	  961.3	  587.5	  435.0	.
11568090	  956.4	  586.9	  435.0	.
11568092	  947.1	  586.2	  433.0	.
11568094	  938.3	  584.9	  433.0	.
11568096	  925.2	  583.4	  433.0	.
11568098	  913.5	  582.0	  430.0	.
11568100	  901.1	  579.1	  427.0	.
11568102	  891.8	  576.4	  425.0	.
11568104	  887.2	  574.4	  423.0	.
11568106	  885.0	  573.6	  422.0	.
11568108	  884.5	  572.8	  422.0	.
ESACC L  11568086	11568108	24	  963.7	  588.0	  885.0	  573.6	   2.02	    149
SFIX L   11568110
11568110	  884.4	  573.3	  422.0	.
11568112	  884.3	  573.5	  420.0	.
11568114	  884.2	  573.7	  420.0	.
11568116	  884.1	  573.5	  421.0	.
11568118	  883.9	  574.1	  421.0	.
11568120	  884.2	  574.5	  419.0	.
11568122	  884.3	  573.9	  417.0	.
11568124	  884.0	  573.2	  416.0	.
11568126	  883.8	  573.4	  415.0	.
11568128	  883.3	  572.4	  415.0	.
11568130	  882.3	  571.5	  415.0	.
11568132	  881.3	  570.6	  412.0	.
11568134	  882.1	  569.9	  411.0	.
11568136	  882.9	  569.8	  411.0	.
EFIX L   11568110	11568136	28	  883.6	  572.8	    418
SSACC L  11568138
11568138	  885.7	  568.3	  410.0	.
11568140	  885.1	  564.1	  409.0	.
11568142	  893.8	  563.3	  406.0	.
11568144	  895.5	  560.5	  406.0	.
11568146	  901.2	  558.9	  406.0	.
11568148	  902.3	  555.8	  405.0	.
ESACC L  11568138	11568148	12	  885.7	  568.3	  901.2	  558.9	   0.48	     60
SFIX L   11568150
11568150	  904.2	  555.4	  405.0	.
11568152	  906.0	  555.2	  405.0	.
11568154	  906.5	  555.2	  403.0	.
11568156	  906.8	  554.4	  401.0	.
11568158	  907.3	  553.8	  401.0	.
11568160	  907.6	  551.6	  402.0	.
11568162	  908.4	  551.1	  403.0	.
11568164	  909.5	  551.4	  407.0	.
11568166	  912.8	  551.2	  407.0	.
11568168	  915.6	  551.2	  405.0	.
11568170	  918.9	  551.1	  405.0	.
11568172	  921.3	  550.8	  405.0	.
11568174	  921.2	  551.0	  405.0	.
11568176	  921.2	  551.0	  405.0	.
11568178	  925.1	  550.2	  404.0	.
11568180	  928.4	  550.0	  404.0	.
11568182	  931.0	  550.2	  399.0	.
11568184	  933.6	  550.3	  398.0	.
11568186	  935.8	  549.6	  397.0	.
11568188	  939.9	  548.7	  396.0	.
11568190	  941.1	  549.4	  396.0	.
11568192	  942.2	  548.7	  395.0	.
11568194	  946.3	  548.5	  395.0	.
11568196	  950.6	  548.5	  395.0	.
11568198	  951.3	  548.6	  394.0	.
11568200	  952.0	  548.2	  394.0	.
11568202	  952.7	  549.3	  394.0	.
11568204	  952.5	  549.4	  394.0	.
11568206	  952.7	  549.4	  394.0	.
11568208	  953.0	  549.4	  393.0	.
11568210	  953.2	  550.8	  392.0	.
11568212	  953.1	  550.5	  392.0	.
11568214	  952.7	  550.6	  391.0	.
11568216	  952.4	  550.7	  390.0	.
11568218	  951.7	  551.2	  390.0	.
11568220	  951.2	  552.4	  390.0	.
11568222	  950.7	  553.6	  390.0	.
11568224	  950.0	  553.7	  388.0	.
11568226	  950.1	  553.8	  388.0	.
11568228	  950.2	  554.0	  389.0	.
11568230	  950.6	  554.1	  389.0	.
11568232	  950.8	  554.8	  389.0	.
11568234	  950.8	  555.4	  389.0	.
11568236	  951.0	  555.4	  389.0	.
11568238	  950.6	  555.6	  388.0	.
11568240	  950.5	  555.9	  387.0	.
11568242	  950.7	  556.5	  387.0	.
11568244	  950.3	  556.2	  387.0	.
11568246	  950.2	  556.6	  382.0	.
11568248	  949.6	  556.7	  382.0	.
11568250	  949.4	  556.4	  383.0	.
11568252	  949.4	  557.0	  383.0	.
11568254	  949.9	  556.8	  383.0	.
11568256	  950.3	  557.1	  383.0	.
11568258	  950.1	  557.3	  383.0	.
11568260	  950.1	  557.2	  383.0	.
11568262	  950.1	  557.9	  383.0	.
11568264	  950.0	  558.8	  385.0	.
11568266	  950.0	  558.8	  385.0	.
11568268	  949.9	  558.7	  384.0	.
11568270	  950.5	  560.0	  385.0	.
11568272	  950.8	  560.4	  384.0	.
11568274	  951.0	  560.6	  384.0	.
11568276	  950.8	  559.3	  384.0	.
11568278	  951.1	  557.8	  383.0	.
11568280	  951.4	  558.4	  382.0	.
11568282	  951.6	  558.0	  382.0	.
11568284	  951.7	  558.4	  381.0	.
11568286	  951.8	  558.7	  380.0	.
11568288	  951.7	  558.2	  380.0	.
11568290	  950.8	  559.0	  380.0	.
11568292	  951.6	  559.8	  380.0	.
11568294	  951.3	  559.5	  380.0	.
11568296	  951.1	  559.3	  380.0	.
11568298	  950.8	  559.3	  380.0	.
11568300	  950.9	  559.3	  381.0	.
11568302	  951.2	  559.7	  379.0	.
11568304	  952.3	  559.9	  379.0	.
11568306	  952.6	  560.0	  379.0	.
11568308	  952.7	  559.1	  378.0	.
11568310	  952.2	  559.8	  378.0	.
11568312	  951.8	  560.5	  379.0	.
11568314	  951.5	  560.6	  379.0	.
11568316	  951.3	  560.7	  379.0	.
11568318	  951.6	  561.4	  379.0	.
11568320	  951.4	  560.9	  379.0	.
11568322	  951.4	  561.2	  377.0	.
11568324	  951.3	  561.7	  378.0	.
11568326	  951.1	  561.5	  378.0	.
11568328	  951.1	  561.5	  378.0	.
11568330	  951.1	  561.5	  379.0	.
11568332	  951.7	  561.8	  379.0	.
11568334	  951.6	  561.2	  379.0	.
11568336	  951.9	  562.8	  378.0	.
11568338	  952.4	  562.3	  377.0	.
11568340	  952.1	  562.6	  376.0	.
11568342	  952.6	  562.8	  376.0	.
11568344	  952.3	  563.2	  376.0	.
11568346	  951.9	  563.4	  376.0	.
11568348	  951.9	  564.6	  377.0	.
11568350	  951.8	  564.6	  377.0	.
11568352	  951.7	  564.6	  377.0	.
11568354	  952.4	  565.7	  376.0	.
11568356	  953.3	  566.9	  376.0	.
11568358	  954.6	  567.0	  376.0	.
11568360	  954.9	  567.3	  385.0	.
11568362	  954.5	  568.3	  385.0	.
11568364	  953.8	  567.7	  384.0	.
11568366	  954.1	  568.8	  383.0	.
11568368	  953.5	  568.4	  383.0	.
11568370	  953.3	  567.8	  383.0	.
11568372	  953.3	  568.0	  382.0	.
11568374	  952.0	  567.5	  382.0	.
11568376	  952.6	  567.3	  380.0	.
11568378	  953.3	  567.2	  379.0	.
11568380	  953.0	  567.1	  378.0	.
11568382	  953.7	  568.0	  377.0	.
11568384	  953.6	  567.9	  377.0	.
11568386	  953.4	  567.7	  377.0	.
11568388	  954.5	  568.0	  376.0	.
11568390	  954.8	  567.6	  376.0	.
11568392	  954.7	  567.3	  376.0	.
11568394	  954.8	  568.1	  376.0	.
11568396	  954.4	  566.9	  377.0	.
11568398	  954.0	  565.6	  378.0	.
11568400	  952.3	  566.1	  380.0	.
11568402	  953.2	  565.7	  380.0	.
11568404	  953.5	  565.4	  379.0	.
11568406	  953.2	  564.1	  379.0	.
11568408	  953.9	  564.1	  379.0	.
11568410	  953.3	  564.1	  379.0	.
11568412	  952.9	  563.0	  379.0	.
11568414	  952.7	  562.4	  378.0	.
11568416	  952.8	  561.9	  379.0	.
11568418	  952.3	  562.3	  380.0	.
11568420	  952.2	  561.7	  380.0	.
11568422	  952.2	  561.1	  380.0	.
11568424	  952.3	  560.8	  379.0	.
11568426	  952.6	  561.3	  379.0	.
11568428	  953.8	  560.6	  379.0	.
11568430	  953.7	  560.7	  379.0	.
11568432	  954.3	  560.8	  379.0	.
11568434	  953.2	  560.5	  379.0	.
11568436	  952.2	  560.8	  379.0	.
11568438	  951.3	  561.1	  380.0	.
11568440	  951.4	  562.0	  380.0	.
11568442	  951.5	  562.4	  380.0	.
11568444	  951.6	  562.7	  380.0	.
11568446	  952.7	  566.3	  381.0	.
11568448	  953.3	  566.3	  381.0	.
11568450	  953.3	  566.4	  381.0	.
11568452	  953.8	  569.6	  382.0	.
11568454	  953.7	  569.4	  382.0	.
11568456	  953.5	  570.3	  382.0	.
11568458	  949.4	  571.1	  382.0	.
11568460	  949.2	  571.9	  381.0	.
11568462	  948.1	  572.6	  381.0	.
11568464	  947.8	  573.2	  381.0	.
11568466	  947.1	  573.8	  381.0	.
11568468	  946.4	  574.0	  380.0	.
11568470	  942.1	  574.2	  380.0	.
11568472	  940.2	  577.1	  379.0	.
11568474	  939.4	  575.3	  378.0	.
11568476	  939.1	  573.4	  377.0	.
11568478	  938.4	  571.5	  377.0	.
11568480	  937.7	  569.6	  376.0	.
11568482	  936.9	  569.2	  376.0	.
11568484	  935.4	  564.6	  377.0	.
11568486	  934.6	  564.6	  377.0	.
11568488	  934.2	  564.5	  378.0	.
11568490	  929.2	  558.3	  378.0	.
11568492	  925.2	  554.2	  379.0	.
EFIX L   11568150	11568492	344	  946.6	  560.4	    384
SSACC L  11568494
11568494	  924.3	  553.9	  383.0	.
11568496	  915.2	  547.5	  383.0	.
11568498	  913.1	  544.7	  383.0	.
11568500	  912.2	  542.0	  382.0	.
ESACC L  11568494	11568500	8	  924.3	  553.9	  913.1	  544.7	   0.39	     75
SFIX L   11568502
11568502	  910.8	  536.9	  381.0	.
11568504	  908.3	  534.4	  380.0	.
11568506	  906.2	  534.5	  380.0	.
11568508	  906.1	  534.5	  378.0	.
11568510	  905.8	  533.5	  378.0	.
11568512	  900.7	  533.1	  377.0	.
11568514	  900.5	  532.8	  377.0	.
11568516	  900.5	  533.0	  377.0	.
11568518	  900.7	  533.3	  376.0	.
11568520	  900.8	  532.7	  376.0	.
11568522	  900.5	  532.7	  376.0	.
11568524	  900.3	  532.7	  378.0	.
11568526	  899.3	  532.8	  378.0	.
11568528	  895.1	  535.2	  377.0	.
11568530	  893.4	  537.1	  377.0	.
11568532	  891.1	  537.4	  377.0	.
11568534	  888.5	  537.7	  377.0	.
11568536	  887.6	  537.9	  377.0	.
11568538	  886.5	  537.1	  377.0	.
11568540	  885.5	  539.0	  377.0	.
11568542	  884.5	  541.0	  377.0	.
11568544	  884.7	  540.7	  376.0	.
11568546	  885.5	  542.8	  375.0	.
11568548	  885.4	  543.1	  375.0	.
11568550	  885.7	  543.3	  376.0	.
11568552	  886.0	  544.0	  377.0	.
11568554	  886.3	  544.8	  378.0	.
11568556	  886.6	  545.4	  380.0	.
11568558	  887.9	  546.1	  381.0	.
11568560	  888.2	  546.7	  382.0	.
11568562	  888.3	  546.2	  383.0	.
11568564	  891.3	  546.5	  385.0	.
11568566	  891.5	  545.3	  386.0	.
11568568	  891.8	  545.4	  386.0	.
11568570	  892.8	  545.5	  386.0	.
11568572	  893.7	  545.9	  386.0	.
11568574	  897.1	  546.2	  385.0	.
11568576	  899.0	  544.5	  385.0	.
11568578	  899.1	  544.1	  381.0	.
11568580	  902.9	  543.7	  381.0	.
11568582	  904.4	  541.3	  381.0	.
11568584	  904.9	  540.8	  380.0	.
11568586	  905.5	  540.8	  379.0	.
11568588	  909.1	  539.4	  377.0	.
11568590	  909.6	  538.7	  377.0	.
11568592	  911.8	  538.6	  377.0	.
11568594	  912.3	  538.5	  377.0	.
11568596	  915.5	  538.3	  377.0	.
11568598	  916.5	  538.1	  377.0	.
11568600	  919.4	  538.8	  377.0	.
11568602	  920.2	  538.7	  378.0	.
11568604	  921.4	  538.7	  378.0	.
11568606	  923.0	  540.5	  379.0	.
11568608	  924.0	  540.0	  381.0	.
11568610	  927.3	  539.4	  382.0	.
11568612	  931.0	  540.7	  382.0	.
11568614	  932.6	  541.2	  382.0	.
11568616	  936.5	  541.4	  382.0	.
11568618	  940.4	  541.5	  382.0	.
11568620	  945.3	  541.0	  384.0	.
11568622	  947.7	  540.5	  386.0	.
11568624	  950.2	  540.7	  386.0	.
11568626	  951.3	  540.5	  385.0	.
11568628	  953.2	  540.3	  385.0	.
11568630	  953.5	  539.6	  385.0	.
11568632	  953.9	  539.6	  385.0	.
11568634	  955.1	  539.5	  386.0	.
11568636	  955.7	  540.0	  386.0	.
11568638	  956.2	  539.5	  385.0	.
11568640	  957.4	  539.1	  385.0	.
11568642	  958.3	  540.4	  385.0	.
11568644	  958.6	  540.9	  385.0	.
11568646	  958.8	  541.4	  385.0	.
11568648	  958.8	  541.7	  385.0	.
11568650	  960.3	  541.3	  385.0	.
11568652	  960.8	  541.4	  385.0	.
11568654	  961.0	  541.4	  386.0	.
11568656	  960.8	  541.4	  387.0	.
11568658	  960.9	  541.2	  387.0	.
11568660	  961.1	  542.1	  387.0	.
11568662	  961.4	  542.8	  387.0	.
11568664	  961.8	  542.4	  388.0	.
11568666	  962.4	  543.9	  388.0	.
11568668	  962.2	  543.9	  388.0	.
11568670	  962.1	  543.9	  388.0	.
11568672	  962.4	  544.2	  387.0	.
11568674	  962.2	  542.9	  386.0	.
11568676	  962.1	  543.0	  386.0	.
11568678	  962.3	  543.2	  383.0	.
11568680	  962.0	  543.8	  383.0	.
11568682	  961.8	  544.3	  385.0	.
11568684	  961.7	  543.7	  385.0	.
11568686	  961.8	  543.8	  383.0	.
11568688	  962.4	  543.9	  382.0	.
11568690	  963.3	  544.8	  382.0	.
11568692	  962.6	  545.3	  382.0	.
11568694	  962.0	  545.3	  386.0	.
11568696	  961.9	  545.3	  386.0	.
11568698	  961.8	  545.4	  385.0	.
11568700	  961.4	  545.4	  386.0	.
11568702	  961.3	  545.5	  387.0	.
11568704	  961.1	  545.5	  387.0	.
11568706	  960.3	  545.5	  387.0	.
11568708	  960.5	  545.6	  386.0	.
11568710	  960.2	  545.5	  386.0	.
11568712	  960.1	  545.4	  386.0	.
11568714	  960.5	  546.7	  386.0	.
11568716	  960.5	  546.6	  386.0	.
11568718	  961.1	  546.6	  386.0	.
11568720	  961.2	  546.7	  387.0	.
11568722	  961.3	  546.6	  386.0	.
11568724	  961.3	  546.5	  386.0	.
11568726	  961.5	  547.2	  386.0	.
11568728	  961.4	  547.8	  386.0	.
11568730	  959.5	  546.8	  386.0	.
11568732	  959.6	  547.7	  386.0	.
11568734	  960.2	  548.6	  387.0	.
11568736	  960.2	  548.6	  386.0	.
11568738	  960.2	  548.7	  386.0	.
11568740	  960.3	  548.6	  386.0	.
11568742	  960.3	  548.6	  386.0	.
11568744	  960.3	  548.7	  386.0	.
11568746	  961.1	  548.9	  387.0	.
11568748	  961.6	  549.9	  388.0	.
11568750	  962.0	  550.3	  388.0	.
11568752	  962.1	  549.8	  389.0	.
11568754	  961.5	  550.0	  390.0	.
11568756	  962.0	  550.2	  390.0	.
11568758	  962.4	  551.2	  390.0	.
11568760	  962.4	  551.2	  390.0	.
11568762	  962.4	  551.3	  390.0	.
11568764	  961.8	  551.0	  390.0	.
11568766	  962.0	  551.4	  390.0	.
11568768	  962.0	  550.7	  390.0	.
11568770	  961.8	  550.3	  389.0	.
11568772	  961.9	  549.9	  385.0	.
11568774	  961.7	  549.7	  385.0	.
11568776	  961.4	  549.3	  386.0	.
11568778	  961.9	  550.3	  386.0	.
11568780	  962.3	  550.4	  386.0	.
11568782	  962.5	  550.4	  386.0	.
11568784	  962.7	  550.4	  386.0	.
11568786	  963.2	  550.6	  386.0	.
11568788	  963.5	  550.0	  386.0	.
11568790	  964.3	  550.3	  386.0	.
11568792	  965.0	  549.9	  386.0	.
11568794	  965.4	  550.1	  386.0	.
11568796	  965.0	  549.4	  386.0	.
11568798	  965.2	  550.9	  386.0	.
11568800	  965.1	  550.9	  386.0	.
11568802	  965.4	  551.0	  387.0	.
11568804	  965.3	  551.8	  388.0	.
11568806	  965.2	  552.1	  388.0	.
11568808	  965.2	  551.7	  388.0	.
11568810	  965.0	  552.7	  387.0	.
11568812	  965.4	  552.9	  386.0	.
11568814	  965.7	  552.8	  386.0	.
11568816	  965.3	  553.4	  386.0	.
11568818	  965.7	  553.1	  387.0	.
11568820	  965.3	  552.9	  387.0	.
11568822	  965.4	  552.9	  387.0	.
11568824	  965.4	  553.2	  387.0	.
11568826	  966.5	  553.6	  387.0	.
11568828	  966.4	  553.6	  387.0	.
11568830	  966.8	  553.7	  387.0	.
11568832	  966.7	  554.0	  390.0	.
11568834	  966.6	  554.4	  390.0	.
11568836	  966.8	  554.7	  390.0	.
11568838	  966.9	  554.8	  390.0	.
11568840	  966.7	  554.8	  389.0	.
11568842	  966.4	  554.5	  388.0	.
11568844	  966.4	  554.5	  388.0	.
11568846	  966.4	  554.6	  386.0	.
11568848	  967.7	  554.2	  387.0	.
11568850	  969.0	  554.3	  388.0	.
11568852	  969.2	  554.4	  391.0	.
11568854	  968.8	  555.0	  391.0	.
11568856	  968.5	  554.1	  391.0	.
11568858	  968.3	  553.9	  390.0	.
11568860	  968.7	  553.7	  390.0	.
11568862	  968.9	  553.3	  391.0	.
11568864	  969.0	  553.3	  391.0	.
11568866	  968.4	  553.4	  391.0	.
11568868	  968.1	  553.8	  391.0	.
11568870	  967.4	  554.3	  390.0	.
11568872	  966.8	  553.5	  390.0	.
11568874	  967.0	  553.2	  390.0	.
11568876	  967.3	  553.1	  387.0	.
11568878	  967.4	  553.1	  387.0	.
11568880	  967.6	  553.5	  387.0	.
11568882	  968.3	  554.0	  387.0	.
11568884	  969.3	  555.2	  388.0	.
11568886	  969.3	  555.9	  388.0	.
11568888	  969.4	  556.5	  389.0	.
11568890	  969.2	  556.5	  389.0	.
11568892	  969.7	  556.5	  389.0	.
11568894	  970.2	  559.7	  389.0	.
11568896	  970.1	  559.4	  389.0	.
11568898	  969.5	  559.0	  390.0	.
11568900	  969.0	  559.6	  391.0	.
11568902	  968.6	  560.2	  391.0	.
11568904	  968.1	  559.7	  390.0	.
11568906	  966.8	  560.8	  390.0	.
11568908	  965.5	  560.9	  391.0	.
11568910	  965.4	  560.5	  392.0	.
11568912	  965.4	  561.1	  392.0	.
11568914	  966.4	  561.7	  391.0	.
11568916	  967.1	  561.2	  390.0	.
11568918	  967.4	  561.5	  390.0	.
11568920	  967.4	  561.5	  389.0	.
11568922	  967.3	  561.5	  389.0	.
11568924	  967.7	  562.4	  389.0	.
11568926	  967.3	  561.7	  390.0	.
11568928	  967.5	  561.0	  391.0	.
11568930	  967.6	  561.6	  391.0	.
11568932	  967.5	  561.8	  391.0	.
11568934	  967.4	  561.8	  391.0	.
11568936	  967.7	  562.1	  391.0	.
11568938	  966.9	  561.8	  391.0	.
11568940	  966.0	  561.5	  391.0	.
11568942	  965.8	  562.6	  392.0	.
11568944	  965.4	  563.6	  394.0	.
11568946	  966.0	  563.9	  394.0	.
11568948	  965.1	  564.2	  394.0	.
11568950	  965.3	  563.2	  395.0	.
11568952	  965.5	  562.3	  396.0	.
11568954	  966.0	  563.0	  396.0	.
11568956	  966.2	  562.5	  395.0	.
11568958	  965.5	  562.7	  395.0	.
11568960	  964.7	  563.0	  396.0	.
11568962	  964.5	  564.2	  397.0	.
11568964	  964.8	  564.2	  397.0	.
11568966	  965.3	  565.0	  394.0	.
11568968	  965.2	  564.4	  394.0	.
11568970	  965.4	  564.9	  392.0	.
11568972	  965.9	  565.0	  392.0	.
11568974	  965.7	  564.9	  392.0	.
11568976	  965.7	  565.7	  392.0	.
11568978	  965.9	  564.9	  392.0	.
11568980	  966.0	  564.2	  391.0	.
11568982	  966.8	  564.5	  390.0	.
11568984	  968.0	  564.8	  390.0	.
11568986	  968.1	  565.4	  390.0	.
11568988	  968.0	  565.0	  390.0	.
11568990	  967.9	  564.9	  390.0	.
11568992	  967.2	  564.8	  390.0	.
11568994	  966.4	  564.8	  391.0	.
11568996	  966.5	  564.9	  392.0	.
11568998	  966.5	  565.0	  392.0	.
11569000	  966.8	  564.9	  391.0	.
11569002	  967.3	  566.3	  386.0	.
11569004	  967.6	  567.9	  386.0	.
11569006	  967.4	  567.7	  388.0	.
11569008	  967.8	  567.6	  390.0	.
11569010	  967.4	  567.5	  391.0	.
11569012	  968.5	  567.5	  391.0	.
11569014	  968.9	  568.9	  388.0	.
11569016	  968.9	  569.5	  387.0	.
EFIX L   11568502	11569016	516	  949.8	  550.1	    386
SSACC L  11569018
11569018	  968.8	  569.2	  387.0	.
11569020	  968.5	  569.8	  387.0	.
11569022	  963.8	  570.2	  387.0	.
11569024	  954.5	  570.6	  386.0	.
11569026	  944.2	  570.8	  385.0	.
11569028	  928.5	  574.5	  383.0	.
11569030	  908.7	  576.7	  383.0	.
11569032	  892.6	  579.0	  383.0	.
11569034	  877.2	  582.3	  383.0	.
11569036	  861.6	  584.0	  382.0	.
11569038	  852.3	  584.1	  381.0	.
11569040	  841.8	  584.3	  378.0	.
11569042	  835.5	  598.8	  378.0	.
11569044	  828.2	  605.1	  378.0	.
11569046	  818.7	  608.8	  380.0	.
11569048	  807.8	  608.6	  382.0	.
11569050	  803.1	  608.3	  384.0	.
11569052	  803.3	  610.0	  384.0	.
ESACC L  11569018	11569052	36	  968.8	  569.2	  803.1	  608.3	   4.31	    214
SFIX L   11569054
11569054	  801.8	  611.5	  384.0	.
11569056	  802.2	  611.0	  383.0	.
11569058	  802.1	  611.0	  383.0	.
11569060	  802.8	  610.7	  383.0	.
11569062	  803.6	  610.8	  383.0	.
11569064	  803.9	  610.3	  382.0	.
11569066	  803.6	  610.3	  381.0	.
11569068	  803.7	  610.0	  381.0	.
11569070	  803.7	  609.6	  379.0	.
11569072	  804.2	  610.5	  378.0	.
11569074	  804.3	  610.3	  378.0	.
11569076	  804.5	  610.2	  377.0	.
11569078	  803.9	  610.2	  377.0	.
11569080	  804.0	  610.2	  377.0	.
11569082	  804.0	  610.1	  377.0	.
11569084	  804.6	  610.1	  376.0	.
11569086	  804.5	  608.5	  376.0	.
11569088	  804.2	  607.7	  374.0	.
11569090	  803.9	  606.9	  373.0	.
11569092	  804.3	  606.9	  373.0	.
11569094	  804.7	  607.7	  374.0	.
11569096	  804.7	  606.7	  373.0	.
11569098	  805.9	  605.6	  373.0	.
11569100	  805.3	  604.6	  373.0	.
11569102	  805.1	  604.7	  373.0	.
11569104	  805.0	  604.1	  374.0	.
11569106	  805.0	  604.1	  373.0	.
11569108	  804.3	  604.3	  374.0	.
11569110	  805.2	  604.6	  374.0	.
11569112	  805.3	  605.1	  374.0	.
11569114	  804.9	  604.0	  374.0	.
11569116	  805.0	  603.0	  375.0	.
11569118	  805.4	  603.6	  375.0	.
11569120	  805.5	  603.6	  375.0	.
11569122	  805.5	  603.5	  375.0	.
11569124	  805.6	  603.5	  374.0	.
11569126	  804.9	  603.8	  373.0	.
11569128	  805.1	  603.3	  373.0	.
11569130	  805.5	  603.6	  373.0	.
11569132	  805.1	  603.8	  373.0	.
11569134	  804.9	  603.8	  373.0	.
11569136	  804.7	  603.8	  373.0	.
11569138	  804.2	  603.3	  373.0	.
11569140	  804.0	  603.2	  373.0	.
11569142	  804.6	  603.3	  373.0	.
11569144	  804.0	  603.4	  373.0	.
11569146	  804.4	  604.5	  373.0	.
11569148	  804.7	  605.7	  373.0	.
11569150	  804.8	  605.8	  374.0	.
11569152	  804.8	  605.7	  374.0	.
11569154	  805.2	  605.6	  374.0	.
11569156	  805.6	  605.2	  374.0	.
11569158	  805.4	  604.7	  374.0	.
11569160	  805.2	  604.1	  373.0	.
11569162	  805.9	  604.0	  373.0	.
11569164	  805.8	  604.1	  372.0	.
11569166	  806.1	  603.2	  371.0	.
11569168	  806.4	  603.3	  371.0	.
11569170	  806.2	  603.3	  369.0	.
11569172	  806.0	  603.6	  369.0	.
11569174	  805.6	  603.6	  369.0	.
11569176	  805.8	  603.5	  368.0	.
11569178	  805.1	  603.2	  369.0	.
11569180	  805.3	  603.5	  370.0	.
11569182	  805.4	  603.8	  370.0	.
11569184	  804.8	  602.9	  370.0	.
11569186	  804.1	  602.1	  368.0	.
11569188	  804.3	  600.2	  367.0	.
11569190	  803.7	  600.3	  367.0	.
11569192	  803.7	  600.3	  367.0	.
11569194	  803.7	  600.2	  367.0	.
11569196	  803.1	  600.9	  367.0	.
11569198	  803.2	  601.2	  366.0	.
11569200	  801.9	  601.3	  366.0	.
11569202	  802.4	  601.1	  366.0	.
11569204	  802.8	  600.8	  366.0	.
11569206	  802.8	  600.3	  367.0	.
11569208	  802.4	  599.6	  367.0	.
11569210	  802.0	  599.0	  366.0	.
11569212	  802.0	  599.0	  366.0	.
11569214	  802.1	  599.1	  366.0	.
11569216	  802.0	  599.4	  366.0	.
11569218	  801.7	  598.6	  366.0	.
11569220	  801.3	  598.2	  366.0	.
11569222	  801.4	  598.2	  366.0	.
11569224	  800.9	  598.1	  365.0	.
11569226	  800.5	  598.5	  365.0	.
11569228	  799.4	  598.8	  365.0	.
11569230	  799.6	  598.5	  363.0	.
11569232	  798.9	  599.0	  362.0	.
11569234	  798.8	  599.6	  362.0	.
11569236	  798.5	  599.6	  362.0	.
11569238	  799.6	  600.5	  363.0	.
11569240	  800.4	  600.9	  363.0	.
11569242	  799.7	  601.0	  363.0	.
11569244	  799.7	  601.0	  364.0	.
11569246	  799.8	  601.2	  364.0	.
11569248	  799.7	  600.1	  367.0	.
EFIX L   11569054	11569248	196	  803.7	  604.0	    372
SSACC L  11569250
11569250	  799.9	  600.5	  367.0	.
11569252	  799.9	  599.8	  367.0	.
11569254	  805.0	  599.7	  367.0	.
11569256	  814.4	  599.7	  367.0	.
11569258	  824.3	  597.2	  366.0	.
11569260	  833.0	  594.5	  365.0	.
11569262	  848.4	  593.4	  365.0	.
11569264	  860.3	  591.6	  363.0	.
11569266	  873.5	  589.8	  363.0	.
11569268	  884.9	  589.0	  363.0	.
11569270	  892.1	  583.3	  366.0	.
11569272	  898.9	  577.5	  369.0	.
11569274	  906.7	  577.4	  368.0	.
11569276	  913.7	  575.9	  368.0	.
ESACC L  11569250	11569276	28	  799.9	  600.5	  906.7	  577.4	   2.77	    157
SFIX L   11569278
11569278	  922.3	  574.5	  368.0	.
11569280	  922.2	  573.3	  368.0	.
11569282	  921.5	  572.1	  368.0	.
11569284	  920.8	  570.5	  368.0	.
11569286	  919.3	  570.1	  369.0	.
11569288	  919.4	  570.2	  369.0	.
11569290	  918.4	  569.4	  369.0	.
11569292	  918.3	  568.6	  368.0	.
11569294	  917.7	  568.0	  367.0	.
11569296	  917.2	  567.8	  367.0	.
11569298	  916.9	  567.7	  367.0	.
11569300	  917.2	  567.5	  368.0	.
11569302	  916.9	  568.0	  368.0	.
11569304	  916.7	  567.2	  368.0	.
11569306	  916.7	  567.7	  368.0	.
11569308	  917.1	  568.2	  367.0	.
11569310	  917.5	  568.1	  367.0	.
11569312	  916.8	  568.1	  366.0	.
11569314	  916.3	  569.1	  366.0	.
11569316	  916.0	  568.6	  367.0	.
11569318	  915.8	  568.2	  366.0	.
11569320	  915.4	  568.9	  365.0	.
11569322	  914.9	  569.0	  365.0	.
11569324	  914.8	  568.8	  365.0	.
11569326	  914.9	  569.1	  365.0	.
11569328	  915.1	  569.4	  366.0	.
11569330	  915.2	  569.7	  367.0	.
11569332	  915.2	  570.0	  368.0	.
11569334	  915.4	  570.2	  368.0	.
11569336	  914.3	  570.4	  367.0	.
11569338	  914.5	  570.9	  366.0	.
11569340	  914.6	  571.4	  367.0	.
11569342	  914.2	  571.5	  367.0	.
11569344	  913.7	  571.7	  367.0	.
11569346	  913.2	  571.7	  368.0	.
11569348	  913.0	  571.6	  368.0	.
11569350	  913.3	  572.3	  369.0	.
11569352	  913.2	  571.8	  369.0	.
11569354	  913.4	  571.3	  370.0	.
11569356	  913.0	  571.0	  371.0	.
11569358	  913.1	  570.6	  371.0	.
11569360	  913.0	  570.6	  371.0	.
11569362	  913.0	  570.5	  371.0	.
11569364	  913.0	  570.5	  370.0	.
11569366	  913.0	  570.4	  369.0	.
11569368	  913.0	  570.4	  369.0	.
11569370	  913.2	  569.0	  368.0	.
11569372	  913.8	  569.9	  366.0	.
11569374	  914.0	  569.6	  366.0	.
11569376	  914.1	  569.4	  366.0	.
11569378	  914.8	  569.4	  366.0	.
11569380	  914.0	  569.3	  366.0	.
11569382	  914.2	  569.7	  366.0	.
11569384	  914.3	  570.1	  366.0	.
11569386	  914.1	  569.2	  366.0	.
11569388	  913.7	  568.2	  367.0	.
11569390	  913.4	  568.8	  365.0	.
11569392	  913.2	  569.4	  365.0	.
11569394	  913.0	  569.8	  366.0	.
11569396	  912.7	  569.9	  366.0	.
11569398	  913.1	  570.1	  366.0	.
11569400	  913.0	  570.2	  366.0	.
11569402	  912.9	  570.2	  366.0	.
11569404	  912.8	  570.2	  366.0	.
11569406	  913.1	  570.0	  366.0	.
11569408	  912.9	  568.3	  365.0	.
11569410	  913.0	  568.4	  365.0	.
11569412	  912.4	  568.5	  365.0	.
11569414	  912.5	  567.9	  364.0	.
11569416	  912.7	  568.2	  364.0	.
11569418	  913.0	  568.5	  364.0	.
11569420	  913.5	  569.8	  364.0	.
11569422	  914.1	  570.0	  363.0	.
11569424	  913.9	  569.7	  363.0	.
11569426	  913.8	  569.9	  363.0	.
11569428	  915.2	  570.1	  363.0	.
11569430	  914.9	  570.0	  363.0	.
11569432	  914.8	  570.0	  364.0	.
11569434	  914.9	  570.3	  363.0	.
11569436	  914.9	  570.0	  362.0	.
11569438	  914.0	  570.3	  362.0	.
11569440	  913.9	  569.8	  363.0	.
11569442	  913.5	  569.8	  364.0	.
11569444	  913.1	  569.6	  366.0	.
11569446	  912.8	  570.0	  367.0	.
11569448	  912.8	  570.4	  368.0	.
11569450	  913.0	  570.0	  368.0	.
11569452	  913.5	  571.2	  368.0	.
11569454	  913.6	  571.2	  368.0	.
11569456	  913.8	  571.9	  365.0	.
11569458	  913.9	  571.0	  364.0	.
11569460	  913.7	  570.0	  363.0	.
11569462	  914.5	  571.2	  361.0	.
11569464	  914.7	  570.9	  361.0	.
11569466	  914.7	  570.8	  361.0	.
11569468	  915.1	  570.3	  362.0	.
11569470	  915.6	  569.8	  363.0	.
11569472	  915.4	  569.3	  363.0	.
11569474	  915.6	  570.5	  362.0	.
11569476	  915.4	  570.2	  362.0	.
11569478	  915.2	  569.9	  362.0	.
11569480	  915.2	  569.9	  364.0	.
11569482	  914.7	  570.0	  364.0	.
11569484	  914.2	  570.0	  363.0	.
11569486	  913.1	  570.0	  363.0	.
11569488	  913.8	  571.4	  363.0	.
11569490	  912.8	  572.7	  363.0	.
11569492	  912.0	  571.7	  363.0	.
11569494	  912.0	  572.1	  363.0	.
11569496	  911.6	  570.8	  362.0	.
11569498	  911.6	  571.0	  362.0	.
11569500	  912.0	  571.1	  363.0	.
11569502	  912.6	  571.1	  363.0	.
11569504	  911.6	  571.2	  363.0	.
11569506	  911.7	  572.0	  364.0	.
11569508	  911.3	  570.9	  364.0	.
11569510	  910.5	  570.4	  364.0	.
11569512	  910.5	  570.4	  363.0	.
11569514	  910.7	  570.3	  362.0	.
11569516	  910.8	  569.5	  362.0	.
11569518	  910.8	  569.3	  361.0	.
11569520	  910.9	  569.2	  361.0	.
11569522	  910.1	  568.1	  361.0	.
11569524	  911.1	  568.1	  361.0	.
11569526	  912.2	  568.1	  361.0	.
11569528	  913.1	  568.5	  361.0	.
EFIX L   11569278	11569528	252	  914.3	  570.0	    365
SSACC L  11569530
11569530	  914.2	  569.3	  360.0	.
11569532	  922.9	  571.1	  360.0	.
11569534	  928.7	  571.4	  360.0	.
11569536	  938.7	  571.8	  360.0	.
11569538	  945.6	  571.2	  365.0	.
11569540	  959.4	  571.1	  367.0	.
11569542	  969.0	  571.3	  367.0	.
11569544	  980.4	  570.5	  366.0	.
11569546	  985.2	  569.6	  366.0	.
11569548	  993.8	  569.5	  366.0	.
11569550	  996.7	  569.4	  367.0	.
11569552	  998.6	  568.2	  366.0	.
ESACC L  11569530	11569552	24	  914.2	  569.3	  996.7	  569.4	   2.07	    126
SFIX L   11569554
11569554	 1000.0	  567.0	  367.0	.
11569556	 1000.2	  564.4	  366.0	.
11569558	 1000.1	  563.7	  366.0	.
11569560	  999.8	  563.2	  365.0	.
11569562	  999.4	  562.7	  363.0	.
11569564	  999.3	  563.0	  363.0	.
11569566	  998.9	  561.9	  363.0	.
11569568	  998.7	  561.4	  363.0	.
11569570	  998.1	  561.3	  364.0	.
11569572	  997.9	  561.1	  363.0	.
11569574	  997.4	  559.8	  363.0	.
11569576	  998.1	  559.7	  364.0	.
11569578	  997.3	  560.0	  363.0	.
11569580	  997.5	  560.2	  363.0	.
11569582	  997.3	  559.1	  363.0	.
11569584	  997.6	  560.5	  363.0	.
11569586	  997.5	  560.5	  363.0	.
11569588	  997.5	  560.5	  362.0	.
11569590	  997.6	  561.8	  362.0	.
11569592	  996.3	  561.1	  362.0	.
11569594	  996.2	  560.4	  361.0	.
11569596	  996.2	  560.9	  362.0	.
11569598	  996.0	  561.1	  362.0	.
11569600	  995.8	  561.1	  362.0	.
11569602	  995.7	  561.1	  363.0	.
11569604	  995.6	  561.2	  363.0	.
11569606	  995.4	  561.2	  363.0	.
11569608	  995.9	  562.6	  363.0	.
11569610	  995.6	  563.9	  364.0	.
11569612	  995.6	  563.7	  363.0	.
11569614	  996.2	  565.5	  364.0	.
11569616	  996.7	  567.3	  365.0	.
11569618	  996.9	  566.8	  368.0	.
11569620	  997.1	  568.4	  368.0	.
11569622	  996.9	  570.0	  368.0	.
11569624	  996.1	  568.8	  368.0	.
11569626	  996.0	  569.4	  368.0	.
11569628	  995.8	  569.5	  367.0	.
11569630	  994.5	  569.3	  366.0	.
11569632	  995.0	  570.5	  366.0	.
11569634	  995.5	  571.0	  365.0	.
11569636	  995.4	  571.5	  366.0	.
11569638	  995.5	  572.1	  367.0	.
11569640	  995.4	  572.3	  367.0	.
11569642	  995.5	  571.5	  368.0	.
11569644	  995.7	  571.6	  370.0	.
11569646	  995.8	  571.4	  369.0	.
11569648	  995.6	  571.2	  370.0	.
11569650	  995.7	  572.0	  370.0	.
11569652	  995.5	  571.3	  370.0	.
11569654	  995.6	  571.5	  370.0	.
11569656	  996.5	  571.1	  368.0	.
11569658	  996.1	  570.8	  367.0	.
11569660	  996.2	  570.7	  367.0	.
11569662	  996.0	  570.6	  366.0	.
11569664	  995.7	  569.5	  366.0	.
11569666	  995.3	  569.3	  366.0	.
11569668	  995.1	  569.0	  366.0	.
11569670	  994.8	  567.4	  368.0	.
11569672	  995.7	  567.6	  368.0	.
11569674	  995.8	  567.6	  367.0	.
11569676	  995.5	  567.8	  368.0	.
11569678	  995.4	  568.0	  367.0	.
11569680	  995.4	  567.1	  367.0	.
11569682	  995.3	  566.2	  367.0	.
11569684	  995.2	  566.0	  367.0	.
11569686	  995.4	  567.1	  366.0	.
11569688	  994.7	  567.3	  366.0	.
11569690	  994.4	  567.0	  367.0	.
11569692	  994.4	  567.1	  367.0	.
11569694	  994.5	  567.1	  366.0	.
11569696	  993.8	  566.5	  366.0	.
11569698	  993.8	  568.1	  366.0	.
11569700	  993.6	  568.0	  365.0	.
11569702	  993.6	  567.9	  365.0	.
11569704	  993.9	  569.0	  365.0	.
11569706	  994.4	  570.1	  366.0	.
11569708	  994.5	  569.6	  365.0	.
11569710	  995.1	  569.8	  366.0	.
11569712	  995.7	  569.9	  366.0	.
11569714	  996.1	  569.9	  368.0	.
11569716	  996.3	  570.5	  368.0	.
11569718	  996.5	  571.0	  367.0	.
11569720	  996.8	  572.4	  366.0	.
11569722	  997.0	  573.6	  366.0	.
11569724	  996.7	  572.8	  366.0	.
11569726	  996.5	  572.4	  366.0	.
11569728	  997.2	  572.6	  367.0	.
11569730	  997.1	  572.2	  367.0	.
11569732	  997.3	  573.4	  367.0	.
11569734	  997.7	  574.4	  367.0	.
11569736	  997.8	  574.6	  368.0	.
11569738	  997.4	  574.4	  368.0	.
11569740	  997.7	  574.5	  369.0	.
11569742	  997.6	  575.4	  371.0	.
11569744	  997.4	  575.9	  371.0	.
11569746	  997.7	  575.8	  371.0	.
11569748	  997.7	  575.8	  370.0	.
11569750	  997.6	  575.6	  370.0	.
11569752	  997.5	  575.5	  370.0	.
11569754	  997.0	  575.1	  369.0	.
11569756	  997.1	  575.5	  369.0	.
11569758	  996.7	  575.7	  368.0	.
11569760	  996.7	  575.7	  368.0	.
11569762	  996.8	  575.5	  369.0	.
11569764	  997.2	  577.0	  369.0	.
11569766	  997.2	  576.8	  368.0	.
11569768	  997.4	  577.6	  367.0	.
11569770	  997.0	  577.2	  367.0	.
11569772	  997.0	  577.5	  367.0	.
11569774	  996.9	  577.5	  367.0	.
11569776	  996.8	  576.6	  368.0	.
11569778	  996.7	  576.1	  368.0	.
11569780	  996.4	  575.9	  367.0	.
11569782	  996.6	  576.0	  367.0	.
11569784	  996.9	  576.3	  367.0	.
11569786	  997.1	  576.1	  365.0	.
11569788	  997.4	  576.0	  365.0	.
11569790	  997.6	  575.6	  366.0	.
11569792	  997.7	  575.8	  366.0	.
11569794	  997.2	  575.8	  366.0	.
11569796	  996.8	  575.9	  366.0	.
11569798	  997.0	  575.6	  366.0	.
11569800	  997.3	  575.4	  367.0	.
11569802	  997.8	  575.0	  368.0	.
11569804	  998.3	  574.8	  367.0	.
11569806	  998.0	  575.7	  367.0	.
11569808	  997.7	  576.0	  366.0	.
11569810	  997.7	  575.7	  366.0	.
11569812	  997.7	  576.1	  366.0	.
11569814	  997.7	  576.5	  366.0	.
11569816	  997.8	  576.7	  367.0	.
11569818	  998.1	  576.8	  367.0	.
11569820	  997.7	  576.4	  366.0	.
11569822	  997.5	  576.2	  367.0	.
11569824	  997.5	  576.0	  367.0	.
11569826	  997.5	  575.7	  367.0	.
11569828	  997.3	  576.1	  367.0	.
11569830	  997.8	  576.4	  368.0	.
11569832	  998.0	  577.3	  368.0	.
11569834	  998.1	  578.2	  369.0	.
11569836	  998.6	  578.0	  370.0	.
11569838	  998.4	  578.2	  369.0	.
11569840	  998.5	  577.7	  370.0	.
11569842	  998.4	  577.1	  370.0	.
11569844	  998.3	  576.6	  370.0	.
11569846	  997.9	  576.3	  371.0	.
11569848	  997.6	  576.1	  371.0	.
11569850	  998.0	  576.7	  371.0	.
11569852	  997.9	  575.9	  370.0	.
11569854	  997.8	  575.8	  370.0	.
11569856	  998.1	  575.7	  368.0	.
11569858	  998.3	  575.7	  368.0	.
11569860	  997.7	  575.5	  368.0	.
11569862	  997.8	  575.4	  368.0	.
11569864	  997.8	  574.3	  369.0	.
11569866	  998.5	  573.2	  370.0	.
11569868	  998.7	  572.5	  370.0	.
11569870	  998.7	  572.3	  371.0	.
11569872	  998.3	  572.2	  371.0	.
11569874	  998.1	  572.3	  371.0	.
11569876	  998.0	  571.8	  370.0	.
11569878	  997.9	  571.8	  370.0	.
11569880	  997.6	  571.7	  370.0	.
11569882	  998.1	  571.6	  371.0	.
11569884	  998.4	  571.3	  370.0	.
11569886	  998.6	  571.1	  371.0	.
11569888	  998.5	  570.8	  372.0	.
11569890	  998.6	  571.4	  372.0	.
11569892	  998.4	  571.4	  372.0	.
11569894	  997.0	  571.4	  372.0	.
11569896	  997.2	  571.4	  373.0	.
11569898	  997.2	  571.5	  373.0	.
11569900	  997.8	  571.1	  373.0	.
11569902	  997.5	  571.7	  372.0	.
11569904	  997.1	  571.3	  372.0	.
11569906	  997.4	  571.6	  372.0	.
11569908	  996.9	  571.8	  374.0	.
11569910	  996.9	  571.9	  375.0	.
11569912	  996.9	  572.0	  375.0	.
11569914	  996.4	  571.8	  373.0	.
11569916	  996.1	  571.6	  373.0	.
11569918	  996.1	  571.1	  372.0	.
11569920	  996.4	  571.7	  373.0	.
11569922	  996.3	  571.8	  373.0	.
11569924	  996.9	  571.7	  373.0	.
11569926	  997.1	  572.0	  374.0	.
11569928	  997.0	  571.3	  373.0	.
11569930	  997.5	  571.2	  374.0	.
11569932	  997.2	  571.5	  374.0	.
11569934	  996.8	  570.9	  375.0	.
11569936	  996.7	  570.8	  376.0	.
11569938	  996.8	  570.9	  376.0	.
11569940	  994.3	  571.1	  377.0	.
EFIX L   11569554	11569940	388	  996.9	  571.0	    368
SSACC L  11569942
11569942	  992.2	  572.3	  378.0	.
11569944	  988.3	  573.1	  379.0	.
11569946	  979.9	  573.8	  379.0	.
11569948	  967.8	  574.4	  378.0	.
11569950	  953.9	  575.2	  378.0	.
11569952	  942.3	  576.0	  376.0	.
11569954	  927.5	  576.4	  375.0	.
11569956	  914.0	  576.3	  374.0	.
11569958	  908.5	  576.0	  374.0	.
11569960	  905.6	  578.4	  374.0	.
11569962	  897.8	  580.7	  373.0	.
11569964	  896.7	  582.2	  374.0	.
ESACC L  11569942	11569964	24	  992.2	  572.3	  897.8	  580.7	   2.38	    165
SFIX L   11569966
11569966	  894.2	  583.6	  373.0	.
11569968	  894.1	  583.9	  373.0	.
11569970	  894.0	  583.4	  375.0	.
11569972	  893.9	  582.9	  376.0	.
11569974	  894.0	  582.8	  376.0	.
11569976	  894.6	  582.7	  377.0	.
11569978	  894.6	  578.0	  377.0	.
11569980	  894.7	  578.3	  377.0	.
11569982	  897.1	  578.7	  376.0	.
11569984	  896.5	  579.9	  375.0	.
11569986	  897.0	  580.5	  375.0	.
11569988	  897.0	  580.9	  374.0	.
11569990	  897.1	  580.9	  375.0	.
11569992	  897.1	  581.0	  376.0	.
11569994	  897.5	  581.7	  376.0	.
11569996	  897.2	  582.5	  376.0	.
11569998	  897.5	  582.5	  376.0	.
11570000	  896.5	  581.6	  377.0	.
11570002	  896.9	  581.8	  377.0	.
11570004	  897.2	  582.1	  377.0	.
11570006	  898.8	  582.5	  377.0	.
11570008	  899.0	  582.9	  377.0	.
11570010	  899.1	  583.0	  379.0	.
11570012	  899.4	  583.2	  379.0	.
11570014	  899.8	  583.4	  379.0	.
11570016	  900.6	  582.7	  379.0	.
11570018	  900.5	  581.9	  379.0	.
11570020	  900.4	  581.5	  379.0	.
11570022	  900.6	  583.0	  379.0	.
11570024	  899.6	  583.2	  377.0	.
11570026	  899.6	  583.3	  376.0	.
11570028	  899.7	  585.0	  376.0	.
11570030	  899.7	  585.2	  377.0	.
11570032	  898.4	  583.7	  380.0	.
11570034	  898.1	  583.9	  380.0	.
11570036	  898.0	  583.2	  380.0	.
11570038	  898.0	  582.5	  382.0	.
11570040	  897.8	  582.2	  383.0	.
11570042	  898.4	  582.6	  383.0	.
11570044	  898.0	  583.0	  383.0	.
11570046	  899.1	  585.4	  383.0	.
11570048	  899.3	  585.9	  380.0	.
11570050	  899.2	  585.7	  380.0	.
11570052	  899.1	  585.9	  380.0	.
11570054	  898.1	  584.8	  376.0	.
11570056	  898.9	  585.5	  376.0	.
11570058	  899.6	  585.5	  375.0	.
11570060	  900.0	  585.4	  375.0	.
11570062	  900.7	  586.4	  375.0	.
11570064	  900.2	  585.5	  375.0	.
11570066	  899.9	  585.0	  376.0	.
11570068	  900.1	  584.9	  376.0	.
11570070	  899.4	  584.8	  376.0	.
11570072	  899.0	  583.4	  376.0	.
11570074	  898.9	  581.9	  376.0	.
11570076	  898.9	  581.8	  377.0	.
11570078	  898.3	  582.4	  377.0	.
11570080	  897.5	  582.3	  378.0	.
11570082	  897.8	  582.1	  379.0	.
11570084	  897.4	  581.8	  379.0	.
11570086	  897.9	  581.7	  379.0	.
11570088	  898.4	  581.7	  379.0	.
11570090	  898.5	  581.7	  379.0	.
11570092	  898.5	  580.9	  379.0	.
11570094	  898.7	  580.1	  379.0	.
11570096	  899.0	  580.3	  380.0	.
11570098	  898.3	  580.3	  380.0	.
11570100	  898.6	  580.4	  379.0	.
11570102	  898.9	  580.6	  379.0	.
11570104	  900.1	  580.8	  377.0	.
11570106	  900.1	  580.9	  377.0	.
11570108	  899.6	  579.9	  377.0	.
11570110	  899.5	  580.9	  377.0	.
11570112	  900.2	  581.1	  377.0	.
11570114	  900.8	  580.9	  377.0	.
11570116	  900.8	  581.3	  378.0	.
11570118	  900.8	  581.6	  378.0	.
11570120	  900.7	  582.5	  378.0	.
11570122	  900.3	  581.7	  377.0	.
11570124	  899.9	  580.7	  377.0	.
11570126	  900.9	  583.2	  377.0	.
11570128	  901.4	  582.6	  378.0	.
11570130	  900.8	  582.8	  379.0	.
11570132	  900.2	  582.1	  380.0	.
11570134	  900.6	  581.4	  383.0	.
11570136	  900.2	  580.0	  383.0	.
11570138	  900.2	  580.2	  383.0	.
11570140	  900.2	  579.4	  383.0	.
11570142	  900.1	  578.8	  384.0	.
11570144	  900.4	  579.4	  382.0	.
11570146	  901.6	  580.2	  381.0	.
11570148	  901.5	  580.2	  377.0	.
11570150	  901.4	  581.0	  377.0	.
11570152	  901.0	  581.4	  377.0	.
11570154	  901.1	  581.8	  377.0	.
11570156	  901.2	  581.9	  377.0	.
11570158	  900.9	  581.9	  376.0	.
11570160	  901.2	  584.8	  376.0	.
11570162	  901.3	  584.0	  375.0	.
11570164	  901.6	  583.7	  375.0	.
11570166	  902.2	  583.5	  376.0	.
11570168	  901.5	  581.9	  376.0	.
11570170	  901.6	  582.6	  376.0	.
11570172	  901.8	  583.1	  376.0	.
11570174	  901.5	  582.9	  376.0	.
11570176	  901.2	  582.7	  376.0	.
11570178	  901.3	  581.8	  377.0	.
11570180	  901.5	  581.6	  375.0	.
11570182	  901.0	  581.4	  376.0	.
11570184	  901.4	  581.9	  375.0	.
11570186	  901.7	  582.6	  375.0	.
11570188	  902.6	  583.1	  374.0	.
11570190	  901.8	  582.7	  374.0	.
11570192	  901.5	  582.4	  374.0	.
11570194	  901.2	  582.1	  377.0	.
11570196	  901.1	  581.9	  377.0	.
11570198	  901.0	  581.8	  376.0	.
11570200	  901.0	  582.1	  376.0	.
11570202	  900.7	  582.3	  375.0	.
11570204	  901.0	  582.3	  375.0	.
11570206	  901.2	  582.3	  375.0	.
11570208	  901.2	  582.7	  374.0	.
11570210	  901.5	  583.2	  374.0	.
11570212	  901.3	  582.9	  374.0	.
11570214	  901.0	  582.5	  374.0	.
11570216	  901.0	  583.1	  372.0	.
11570218	  901.2	  583.7	  371.0	.
11570220	  901.0	  583.2	  371.0	.
11570222	  901.9	  583.7	  371.0	.
11570224	  902.9	  584.2	  371.0	.
EFIX L   11569966	11570224	260	  899.5	  582.4	    377
SSACC L  11570226
11570226	  904.6	  584.1	  372.0	.
11570228	  909.1	  584.1	  375.0	.
11570230	  912.8	  582.3	  375.0	.
11570232	  921.7	  582.2	  376.0	.
11570234	  936.2	  582.1	  377.0	.
11570236	  948.4	  581.4	  378.0	.
11570238	  962.4	  582.2	  379.0	.
11570240	  963.4	  582.9	  379.0	.
11570242	  968.8	  583.5	  379.0	.
11570244	  970.2	  582.6	  378.0	.
ESACC L  11570226	11570244	20	  904.6	  584.1	  968.8	  583.5	   1.61	    155
SFIX L   11570246
11570246	  972.9	  582.6	  378.0	.
11570248	  973.0	  582.9	  377.0	.
11570250	  972.5	  582.0	  377.0	.
11570252	  972.1	  581.2	  376.0	.
11570254	  971.7	  582.2	  376.0	.
11570256	  970.7	  581.9	  376.0	.
11570258	  970.3	  581.9	  376.0	.
11570260	  968.7	  581.9	  376.0	.
11570262	  968.7	  582.2	  376.0	.
11570264	  968.7	  582.5	  374.0	.
11570266	  968.5	  582.7	  374.0	.
11570268	  969.7	  585.0	  374.0	.
11570270	  970.4	  585.3	  374.0	.
11570272	  970.7	  584.7	  373.0	.
11570274	  970.8	  584.0	  374.0	.
11570276	  971.3	  582.4	  373.0	.
11570278	  970.8	  581.8	  373.0	.
11570280	  971.0	  581.2	  373.0	.
11570282	  970.6	  579.2	  372.0	.
11570284	  970.2	  577.3	  372.0	.
11570286	  969.9	  577.9	  372.0	.
11570288	  969.7	  576.7	  373.0	.
11570290	  969.6	  576.8	  373.0	.
11570292	  968.7	  576.9	  373.0	.
11570294	  968.5	  577.3	  373.0	.
11570296	  968.7	  577.8	  372.0	.
11570298	  968.5	  577.5	  372.0	.
11570300	  968.5	  578.1	  372.0	.
11570302	  968.1	  578.2	  372.0	.
11570304	  967.9	  578.4	  372.0	.
11570306	  967.9	  578.6	  373.0	.
11570308	  968.0	  578.9	  373.0	.
11570310	  968.1	  580.6	  372.0	.
11570312	  968.3	  582.2	  371.0	.
11570314	  967.7	  582.6	  371.0	.
11570316	  968.6	  583.0	  370.0	.
11570318	  969.2	  582.9	  370.0	.
11570320	  968.8	  583.5	  370.0	.
11570322	  968.3	  584.1	  370.0	.
11570324	  968.6	  585.5	  370.0	.
11570326	  968.0	  586.3	  370.0	.
11570328	  968.1	  587.0	  371.0	.
11570330	  968.6	  588.8	  372.0	.
11570332	  968.6	  588.5	  372.0	.
11570334	  968.6	  589.2	  372.0	.
11570336	  968.8	  590.0	  371.0	.
11570338	  968.6	  590.0	  371.0	.
11570340	  968.4	  590.0	  372.0	.
11570342	  968.3	  590.9	  372.0	.
11570344	  968.5	  591.8	  369.0	.
11570346	  967.9	  591.6	  368.0	.
11570348	  967.4	  591.4	  368.0	.
11570350	  966.5	  591.4	  367.0	.
11570352	  966.2	  591.4	  366.0	.
11570354	  965.8	  591.5	  366.0	.
11570356	  967.1	  591.5	  365.0	.
11570358	  968.4	  591.4	  365.0	.
11570360	  967.9	  590.9	  366.0	.
11570362	  967.5	  590.9	  368.0	.
11570364	  967.1	  590.1	  368.0	.
11570366	  967.1	  589.3	  369.0	.
11570368	  967.2	  589.2	  369.0	.
11570370	  967.9	  589.7	  368.0	.
11570372	  967.2	  589.0	  368.0	.
11570374	  967.7	  589.2	  368.0	.
11570376	  967.8	  589.5	  367.0	.
11570378	  967.6	  589.0	  366.0	.
11570380	  967.4	  588.4	  366.0	.
11570382	  966.9	  587.7	  366.0	.
11570384	  966.6	  587.0	  367.0	.
11570386	  966.5	  586.9	  367.0	.
11570388	  964.8	  586.7	  367.0	.
11570390	  964.8	  586.7	  367.0	.
11570392	  964.8	  586.6	  367.0	.
11570394	  963.6	  587.3	  367.0	.
11570396	  963.8	  586.9	  367.0	.
11570398	  964.1	  587.3	  367.0	.
11570400	  963.6	  587.3	  367.0	.
11570402	  964.4	  587.8	  366.0	.
11570404	  965.2	  587.8	  366.0	.
11570406	  965.6	  588.8	  366.0	.
11570408	  966.1	  589.2	  365.0	.
11570410	  965.6	  589.4	  363.0	.
11570412	  965.2	  589.6	  363.0	.
11570414	  964.7	  589.5	  363.0	.
11570416	  964.5	  589.5	  364.0	.
11570418	  964.6	  589.6	  368.0	.
11570420	  964.7	  589.8	  368.0	.
11570422	  965.2	  590.3	  368.0	.
11570424	  965.0	  590.3	  368.0	.
11570426	  965.3	  590.3	  369.0	.
11570428	  964.4	  590.4	  369.0	.
11570430	  963.6	  590.5	  369.0	.
11570432	  964.7	  590.9	  369.0	.
11570434	  964.4	  590.5	  369.0	.
11570436	  964.6	  590.1	  369.0	.
11570438	  964.3	  589.6	  369.0	.
11570440	  964.0	  589.7	  369.0	.
11570442	  964.0	  589.7	  367.0	.
11570444	  964.2	  590.0	  365.0	.
11570446	  964.4	  590.3	  365.0	.
11570448	  964.6	  590.6	  365.0	.
11570450	  964.3	  590.2	  366.0	.
11570452	  964.1	  590.4	  366.0	.
11570454	  963.4	  589.9	  364.0	.
11570456	  961.2	  589.5	  364.0	.
11570458	  961.3	  590.1	  363.0	.
11570460	  961.3	  590.2	  362.0	.
EFIX L   11570246	11570460	216	  967.3	  586.3	    369
SSACC L  11570462
11570462	  952.4	  590.1	  362.0	.
11570464	  951.0	  591.0	  362.0	.
11570466	  946.5	  591.3	  362.0	.
11570468	  937.3	  590.5	  361.0	.
11570470	  931.1	  590.4	  361.0	.
11570472	  928.3	  590.4	  361.0	.
ESACC L  11570462	11570472	12	  952.4	  590.1	  931.1	  590.4	   0.53	     67
SFIX L   11570474
11570474	  927.1	  590.3	  362.0	.
11570476	  927.9	  590.9	  362.0	.
11570478	  928.7	  591.3	  362.0	.
11570480	  929.5	  591.5	  362.0	.
11570482	  929.5	  591.7	  362.0	.
11570484	  930.3	  591.9	  362.0	.
11570486	  930.1	  591.3	  362.0	.
11570488	  929.9	  591.8	  362.0	.
11570490	  930.5	  591.1	  363.0	.
11570492	  930.3	  590.5	  363.0	.
11570494	  930.6	  589.9	  363.0	.
11570496	  930.5	  589.9	  362.0	.
11570498	  930.3	  589.9	  362.0	.
11570500	  930.1	  590.1	  363.0	.
11570502	  929.9	  590.2	  363.0	.
11570504	  929.7	  589.4	  363.0	.
11570506	  929.9	  589.6	  363.0	.
11570508	  929.9	  589.9	  363.0	.
11570510	  930.4	  591.2	  363.0	.
11570512	  930.3	  591.0	  362.0	.
11570514	  930.8	  591.2	  362.0	.
11570516	  930.7	  590.3	  361.0	.
11570518	  930.5	  590.5	  361.0	.
11570520	  930.7	  590.7	  362.0	.
11570522	  930.8	  590.9	  364.0	.
11570524	  931.2	  591.0	  364.0	.
11570526	  931.4	  590.9	  366.0	.
11570528	  931.2	  590.8	  366.0	.
11570530	  931.5	  591.2	  366.0	.
11570532	  931.2	  590.9	  365.0	.
11570534	  930.9	  591.5	  364.0	.
11570536	  931.1	  591.3	  362.0	.
11570538	  931.4	  591.1	  362.0	.
11570540	  932.8	  590.9	  362.0	.
11570542	  933.0	  591.3	  362.0	.
11570544	  932.9	  590.3	  362.0	.
11570546	  931.9	  590.1	  362.0	.
11570548	  931.0	  589.8	  362.0	.
11570550	  930.6	  589.0	  362.0	.
11570552	  930.6	  589.1	  361.0	.
11570554	  930.5	  589.2	  361.0	.
11570556	  930.5	  588.3	  360.0	.
11570558	  929.7	  587.5	  359.0	.
11570560	  930.2	  587.3	  360.0	.
11570562	  930.6	  587.7	  360.0	.
11570564	  931.0	  587.4	  359.0	.
11570566	  931.4	  587.1	  357.0	.
11570568	  933.3	  586.9	  357.0	.
11570570	  933.8	  587.0	  357.0	.
11570572	  934.4	  586.9	  358.0	.
11570574	  934.7	  587.6	  358.0	.
11570576	  934.8	  587.0	  358.0	.
11570578	  934.9	  587.5	  357.0	.
11570580	  935.2	  588.0	  357.0	.
11570582	  935.3	  587.6	  357.0	.
11570584	  936.3	  588.2	  357.0	.
11570586	  936.3	  588.9	  357.0	.
11570588	  936.2	  588.8	  357.0	.
11570590	  936.0	  588.7	  358.0	.
11570592	  936.4	  588.5	  360.0	.
11570594	  935.5	  588.3	  360.0	.
11570596	  936.1	  587.8	  360.0	.
11570598	  936.1	  587.6	  361.0	.
11570600	  936.0	  587.4	  361.0	.
11570602	  935.7	  586.7	  361.0	.
11570604	  936.3	  587.0	  361.0	.
11570606	  935.8	  586.9	  360.0	.
11570608	  936.2	  586.7	  360.0	.
11570610	  936.4	  587.4	  360.0	.
11570612	  936.5	  587.3	  360.0	.
11570614	  936.6	  587.4	  359.0	.
11570616	  936.0	  588.0	  359.0	.
11570618	  935.2	  587.4	  360.0	.
11570620	  934.5	  586.7	  361.0	.
11570622	  934.2	  586.8	  362.0	.
11570624	  933.9	  586.4	  362.0	.
11570626	  933.6	  586.3	  362.0	.
11570628	  933.6	  586.4	  362.0	.
11570630	  932.8	  585.6	  362.0	.
11570632	  932.7	  586.4	  362.0	.
11570634	  932.6	  587.2	  362.0	.
11570636	  934.2	  586.9	  362.0	.
11570638	  935.9	  586.7	  362.0	.
11570640	  940.3	  586.0	  362.0	.
EFIX L   11570474	11570640	168	  932.5	  589.0	    361
SSACC L  11570642
11570642	  942.0	  584.3	  362.0	.
11570644	  952.2	  584.1	  362.0	.
11570646	  955.5	  584.0	  363.0	.
11570648	  965.0	  584.0	  363.0	.
11570650	  965.1	  583.3	  364.0	.
11570652	  966.0	  582.5	  364.0	.
ESACC L  11570642	11570652	12	  942.0	  584.3	  965.1	  583.3	   0.58	     72
SFIX L   11570654
11570654	  965.8	  581.3	  364.0	.
11570656	  965.0	  579.9	  364.0	.
11570658	  964.5	  580.1	  364.0	.
11570660	  962.8	  579.2	  364.0	.
11570662	  961.1	  578.3	  366.0	.
11570664	  959.4	  576.3	  368.0	.
11570666	  959.3	  576.3	  368.0	.
11570668	  959.4	  577.5	  364.0	.
11570670	  960.6	  578.7	  363.0	.
11570672	  961.1	  579.8	  363.0	.
11570674	  961.3	  581.0	  365.0	.
11570676	  961.5	  581.4	  365.0	.
11570678	  961.6	  581.2	  366.0	.
11570680	  961.5	  581.0	  366.0	.
11570682	  961.5	  581.6	  367.0	.
11570684	  961.8	  581.3	  366.0	.
11570686	  961.7	  581.0	  366.0	.
11570688	  961.9	  581.0	  365.0	.
11570690	  962.2	  581.0	  365.0	.
11570692	  962.1	  580.0	  366.0	.
11570694	  962.3	  581.2	  366.0	.
11570696	  962.3	  580.5	  366.0	.
11570698	  962.1	  579.9	  366.0	.
MSG	11570699 DSP: STIM
11570700	  962.5	  580.5	  365.0	.
11570702	  962.5	  580.5	  365.0	.
11570704	  962.4	  580.4	  365.0	.
11570706	  963.0	  580.8	  365.0	.
11570708	  962.9	  580.1	  365.0	.
11570710	  962.6	  579.3	  365.0	.
11570712	  962.9	  579.9	  366.0	.
11570714	  962.6	  580.4	  367.0	.
11570716	  962.8	  580.1	  370.0	.
11570718	  962.8	  581.0	  370.0	.
11570720	  963.0	  580.3	  370.0	.
11570722	  962.8	  580.5	  369.0	.
11570724	  962.5	  580.7	  369.0	.
11570726	  962.2	  581.2	  369.0	.
11570728	  962.1	  581.4	  369.0	.
11570730	  962.0	  581.0	  369.0	.
11570732	  961.0	  580.7	  368.0	.
11570734	  960.3	  582.0	  367.0	.
11570736	  960.0	  582.0	  365.0	.
11570738	  960.7	  581.8	  365.0	.
11570740	  961.5	  583.2	  365.0	.
11570742	  961.3	  584.4	  364.0	.
11570744	  960.7	  584.0	  364.0	.
11570746	  960.0	  585.3	  364.0	.
11570748	  959.9	  585.8	  364.0	.
11570750	  960.5	  586.2	  363.0	.
11570752	  960.2	  586.7	  363.0	.
11570754	  960.7	  586.7	  362.0	.
11570756	  960.1	  585.5	  362.0	.
11570758	  960.5	  585.5	  362.0	.
11570760	  960.4	  585.6	  364.0	.
11570762	  960.4	  585.6	  364.0	.
11570764	  959.6	  585.2	  363.0	.
11570766	  960.0	  585.9	  362.0	.
11570768	  959.3	  585.8	  362.0	.
11570770	  959.4	  585.8	  362.0	.
11570772	  959.4	  585.5	  362.0	.
11570774	  959.0	  585.6	  362.0	.
11570776	  959.3	  585.6	  362.0	.
11570778	  959.7	  585.7	  363.0	.
11570780	  959.6	  585.7	  363.0	.
11570782	  959.6	  585.7	  363.0	.
11570784	  959.4	  583.1	  363.0	.
11570786	  958.8	  583.2	  363.0	.
11570788	  958.8	  582.7	  363.0	.
11570790	  959.0	  583.5	  363.0	.
11570792	  959.1	  584.2	  363.0	.
11570794	  958.8	  582.5	  364.0	.
11570796	  958.4	  582.8	  365.0	.
11570798	  958.0	  582.2	  365.0	.
11570800	  957.8	  581.6	  365.0	.
11570802	  958.6	  582.4	  364.0	.
11570804	  958.3	  582.1	  364.0	.
11570806	  958.4	  581.9	  364.0	.
11570808	  958.5	  582.5	  364.0	.
11570810	  958.8	  583.2	  365.0	.
11570812	  958.2	  582.3	  366.0	.
11570814	  957.7	  581.5	  366.0	.
11570816	  958.6	  581.3	  367.0	.
11570818	  959.2	  581.1	  368.0	.
11570820	  959.5	  581.5	  369.0	.
11570822	  959.9	  581.9	  368.0	.
11570824	  958.9	  581.0	  368.0	.
11570826	  959.1	  581.8	  368.0	.
11570828	  959.1	  582.6	  368.0	.
EFIX L   11570654	11570828	176	  960.7	  582.2	    365
SSACC L  11570830
11570830	  957.7	  585.2	  367.0	.
11570832	  956.0	  586.1	  366.0	.
11570834	  947.4	  587.2	  365.0	.
11570836	  936.5	  588.1	  363.0	.
11570838	  916.2	  589.7	  363.0	.
11570840	  900.9	  596.5	  363.0	.
11570842	  878.2	  596.3	  364.0	.
11570844	  856.5	  596.1	  366.0	.
11570846	  827.8	  602.1	  366.0	.
11570848	  807.2	  603.6	  366.0	.
11570850	  780.9	  603.2	  366.0	.
11570852	  759.7	  602.8	  366.0	.
11570854	  733.4	  604.8	  365.0	.
11570856	  712.7	  606.8	  365.0	.
11570858	  687.1	  610.1	  365.0	.
11570860	  662.7	  613.2	  363.0	.
11570862	  636.5	  613.7	  363.0	.
11570864	  613.1	  615.5	  363.0	.
11570866	  592.7	  620.1	  362.0	.
11570868	  570.3	  620.7	  359.0	.
11570870	  546.4	  620.0	  357.0	.
11570872	  524.0	  618.7	  357.0	.
11570874	  503.4	  620.7	  357.0	.
11570876	  486.8	  618.3	  357.0	.
11570878	  477.1	  617.4	  356.0	.
11570880	  465.2	  619.2	  356.0	.
11570882	  462.1	  620.0	  356.0	.
11570884	  461.2	  619.8	  357.0	.
ESACC L  11570830	11570884	56	  957.7	  585.2	  462.1	  620.0	  12.34	    307
SFIX L   11570886
11570886	  460.9	  619.8	  357.0	.
11570888	  460.9	  620.2	  357.0	.
11570890	  460.7	  618.2	  357.0	.
11570892	  460.8	  616.0	  359.0	.
11570894	  461.3	  617.5	  361.0	.
11570896	  461.9	  617.2	  361.0	.
11570898	  462.9	  617.0	  361.0	.
11570900	  464.0	  617.7	  361.0	.
11570902	  464.8	  617.8	  361.0	.
11570904	  464.3	  617.6	  361.0	.
11570906	  464.5	  617.4	  360.0	.
11570908	  464.8	  617.2	  360.0	.
11570910	  464.4	  616.9	  360.0	.
11570912	  464.4	  617.1	  360.0	.
11570914	  464.2	  615.6	  361.0	.
11570916	  464.0	  614.0	  361.0	.
11570918	  464.0	  615.0	  361.0	.
11570920	  464.1	  615.6	  362.0	.
11570922	  462.8	  615.9	  362.0	.
11570924	  462.4	  617.4	  362.0	.
11570926	  463.0	  617.0	  363.0	.
11570928	  462.8	  617.5	  361.0	.
11570930	  462.4	  617.6	  360.0	.
11570932	  463.9	  617.7	  360.0	.
11570934	  464.6	  617.7	  359.0	.
11570936	  464.8	  617.7	  359.0	.
11570938	  465.0	  617.7	  359.0	.
11570940	  464.5	  617.3	  359.0	.
11570942	  464.1	  616.9	  359.0	.
11570944	  462.8	  611.3	  359.0	.
11570946	  462.4	  611.3	  359.0	.
11570948	  462.2	  609.8	  359.0	.
11570950	  462.1	  608.4	  359.0	.
11570952	  462.1	  608.8	  359.0	.
11570954	  461.8	  607.4	  361.0	.
11570956	  462.0	  605.9	  361.0	.
11570958	  462.4	  607.2	  361.0	.
11570960	  462.5	  608.3	  362.0	.
11570962	  462.4	  608.4	  362.0	.
11570964	  462.7	  608.5	  358.0	.
11570966	  461.9	  608.6	  358.0	.
11570968	  462.1	  608.8	  358.0	.
11570970	  462.3	  610.4	  358.0	.
11570972	  461.8	  610.7	  358.0	.
11570974	  461.2	  610.6	  358.0	.
11570976	  461.2	  610.4	  359.0	.
11570978	  461.4	  611.5	  359.0	.
11570980	  461.1	  612.5	  360.0	.
11570982	  460.6	  612.2	  360.0	.
11570984	  460.7	  613.2	  360.0	.
11570986	  460.8	  614.3	  360.0	.
11570988	  460.9	  615.1	  359.0	.
11570990	  461.4	  615.9	  359.0	.
11570992	  460.8	  616.0	  358.0	.
11570994	  460.2	  616.1	  358.0	.
11570996	  458.6	  615.9	  358.0	.
11570998	  458.4	  615.8	  359.0	.
11571000	  458.4	  615.7	  359.0	.
11571002	  458.5	  618.3	  359.0	.
11571004	  458.5	  617.9	  359.0	.
11571006	  457.7	  617.5	  358.0	.
11571008	  457.6	  618.7	  358.0	.
11571010	  457.3	  618.6	  358.0	.
11571012	  457.3	  618.6	  357.0	.
11571014	  457.3	  617.9	  357.0	.
11571016	  457.3	  617.3	  360.0	.
11571018	  458.0	  615.9	  362.0	.
11571020	  458.1	  614.4	  364.0	.
11571022	  457.6	  613.2	  363.0	.
11571024	  457.2	  613.6	  363.0	.
EFIX L   11570886	11571024	140	  461.6	  614.8	    359
SSACC L  11571026
11571026	  456.2	  614.0	  363.0	.
11571028	  453.6	  614.5	  363.0	.
11571030	  451.2	  615.1	  362.0	.
11571032	  442.5	  613.7	  361.0	.
11571034	  428.3	  610.9	  360.0	.
11571036	  420.9	  611.6	  360.0	.
11571038	  409.1	  611.4	  359.0	.
11571040	  403.8	  611.7	  359.0	.
ESACC L  11571026	11571040	16	  456.2	  614.0	  409.1	  611.4	   1.16	    129
SFIX L   11571042
11571042	  403.1	  611.1	  359.0	.
11571044	  402.7	  610.7	  360.0	.
11571046	  402.8	  610.6	  360.0	.
11571048	  402.9	  611.7	  360.0	.
11571050	  402.3	  611.0	  360.0	.
11571052	  402.6	  610.8	  360.0	.
11571054	  403.1	  610.8	  360.0	.
11571056	  404.5	  611.4	  360.0	.
11571058	  403.3	  610.9	  361.0	.
11571060	  402.7	  610.6	  361.0	.
11571062	  402.8	  611.2	  358.0	.
11571064	  403.0	  611.2	  358.0	.
11571066	  402.7	  611.1	  358.0	.
11571068	  402.7	  611.2	  359.0	.
11571070	  402.8	  611.3	  359.0	.
11571072	  403.2	  611.3	  360.0	.
11571074	  403.2	  612.7	  359.0	.
11571076	  404.2	  614.4	  360.0	.
11571078	  404.2	  614.3	  361.0	.
11571080	  404.1	  614.4	  361.0	.
11571082	  403.9	  613.9	  362.0	.
11571084	  403.6	  613.6	  362.0	.
11571086	  404.0	  614.7	  362.0	.
11571088	  404.1	  614.2	  362.0	.
11571090	  404.7	  613.7	  363.0	.
11571092	  404.4	  614.0	  363.0	.
11571094	  404.6	  614.2	  363.0	.
11571096	  404.6	  614.0	  364.0	.
11571098	  404.5	  615.5	  365.0	.
11571100	  404.8	  615.7	  364.0	.
11571102	  404.0	  614.9	  364.0	.
11571104	  403.1	  614.9	  364.0	.
11571106	  402.9	  613.7	  364.0	.
11571108	  402.9	  612.7	  365.0	.
11571110	  403.1	  614.1	  365.0	.
11571112	  403.4	  613.5	  365.0	.
11571114	  403.8	  612.8	  367.0	.
11571116	  403.7	  610.1	  370.0	.
11571118	  403.9	  610.0	  370.0	.
11571120	  405.1	  611.2	  370.0	.
11571122	  405.4	  612.1	  371.0	.
11571124	  405.7	  612.2	  372.0	.
11571126	  405.8	  612.2	  372.0	.
11571128	  405.1	  610.6	  371.0	.
11571130	  404.8	  609.9	  371.0	.
11571132	  404.7	  609.7	  371.0	.
11571134	  404.7	  610.2	  370.0	.
11571136	  405.1	  610.0	  370.0	.
11571138	  404.9	  610.8	  370.0	.
11571140	  404.7	  609.6	  370.0	.
11571142	  404.5	  608.5	  370.0	.
11571144	  404.6	  609.0	  371.0	.
11571146	  404.9	  608.5	  372.0	.
11571148	  405.3	  607.9	  374.0	.
11571150	  405.0	  609.7	  373.0	.
11571152	  405.6	  609.1	  373.0	.
11571154	  406.2	  609.6	  374.0	.
11571156	  406.0	  609.8	  374.0	.
11571158	  406.2	  609.1	  376.0	.
11571160	  406.3	  608.2	  376.0	.
11571162	  406.3	  608.0	  376.0	.
11571164	  406.8	  607.9	  372.0	.
11571166	  406.1	  607.8	  372.0	.
11571168	  406.9	  606.8	  372.0	.
11571170	  407.8	  607.5	  373.0	.
11571172	  408.9	  607.5	  375.0	.
11571174	  409.3	  607.4	  376.0	.
11571176	  408.9	  606.4	  377.0	.
11571178	  408.5	  606.4	  377.0	.
11571180	  408.7	  606.3	  377.0	.
11571182	  408.3	  605.8	  377.0	.
11571184	  407.8	  605.4	  377.0	.
11571186	  408.3	  605.1	  377.0	.
11571188	  408.9	  605.4	  377.0	.
11571190	  409.0	  605.3	  377.0	.
11571192	  408.7	  605.6	  376.0	.
11571194	  409.3	  605.9	  376.0	.
11571196	  408.9	  605.7	  376.0	.
11571198	  408.5	  605.7	  377.0	.
11571200	  408.6	  605.5	  378.0	.
11571202	  408.6	  604.3	  380.0	.
11571204	  408.3	  604.1	  379.0	.
11571206	  408.0	  604.3	  381.0	.
11571208	  407.9	  604.0	  381.0	.
11571210	  407.9	  604.1	  381.0	.
11571212	  407.9	  604.1	  383.0	.
11571214	  408.6	  603.6	  385.0	.
11571216	  409.3	  603.5	  385.0	.
11571218	  409.2	  603.6	  386.0	.
11571220	  409.2	  603.6	  386.0	.
11571222	  409.2	  603.6	  386.0	.
11571224	  409.0	  603.4	  387.0	.
11571226	  409.1	  603.4	  389.0	.
11571228	  409.1	  604.1	  388.0	.
11571230	  408.6	  602.7	  387.0	.
11571232	  408.3	  601.2	  385.0	.
11571234	  408.2	  601.7	  384.0	.
11571236	  408.6	  601.8	  384.0	.
11571238	  409.0	  602.0	  384.0	.
11571240	  409.8	  602.1	  385.0	.
11571242	  410.3	  600.8	  388.0	.
11571244	  410.5	  599.3	  389.0	.
11571246	  410.5	  600.2	  389.0	.
11571248	  410.6	  600.3	  389.0	.
11571250	  410.9	  600.6	  389.0	.
11571252	  411.3	  601.1	  389.0	.
11571254	  411.1	  601.2	  389.0	.
11571256	  411.8	  601.1	  388.0	.
11571258	  412.4	  601.5	  390.0	.
11571260	  412.1	  601.2	  391.0	.
11571262	  411.6	  601.1	  390.0	.
11571264	  411.2	  600.6	  390.0	.
11571266	  410.7	  600.3	  390.0	.
11571268	  409.9	  599.9	  391.0	.
11571270	  408.1	  597.6	  391.0	.
11571272	  404.8	  595.0	  391.0	.
11571274	  402.7	  593.2	  391.0	.
11571276	  400.7	  591.9	  391.0	.
11571278	  397.1	  588.8	  389.0	.
11571280	  397.4	  586.2	  390.0	.
11571282	  397.9	  585.8	  390.0	.
11571284	  398.0	  585.6	  390.0	.
11571286	  398.1	  585.6	  391.0	.
11571288	  398.1	  585.0	  391.0	.
11571290	  398.9	  585.0	  391.0	.
11571292	  398.6	  585.1	  391.0	.
11571294	  399.3	  585.2	  392.0	.
11571296	  398.9	  585.2	  392.0	.
11571298	  399.0	  585.6	  392.0	.
11571300	  399.0	  585.9	  392.0	.
11571302	  399.1	  585.6	  392.0	.
11571304	  398.6	  585.5	  392.0	.
11571306	  398.6	  585.5	  394.0	.
11571308	  398.6	  584.6	  394.0	.
11571310	  398.5	  584.6	  394.0	.
11571312	  398.8	  584.6	  394.0	.
11571314	  399.1	  584.3	  394.0	.
11571316	  399.4	  584.0	  398.0	.
11571318	  399.8	  584.3	  399.0	.
11571320	  400.5	  584.7	  399.0	.
11571322	  400.9	  584.9	  399.0	.
11571324	  401.2	  584.3	  400.0	.
11571326	  401.9	  585.3	  402.0	.
11571328	  401.5	  585.3	  402.0	.
11571330	  401.3	  585.2	  400.0	.
11571332	  401.2	  585.2	  399.0	.
11571334	  401.2	  585.1	  399.0	.
11571336	  401.9	  584.7	  398.0	.
11571338	  402.6	  584.4	  398.0	.
11571340	  402.5	  584.3	  399.0	.
11571342	  402.9	  584.8	  399.0	.
11571344	  402.6	  584.3	  399.0	.
11571346	  402.8	  584.8	  399.0	.
11571348	  402.4	  585.1	  399.0	.
11571350	  402.9	  585.6	  399.0	.
11571352	  402.5	  584.9	  400.0	.
11571354	  403.3	  584.6	  400.0	.
11571356	  402.9	  584.4	  400.0	.
11571358	  403.1	  584.9	  400.0	.
11571360	  402.1	  584.4	  400.0	.
11571362	  401.3	  585.3	  401.0	.
11571364	  402.5	  585.4	  400.0	.
11571366	  403.7	  585.5	  401.0	.
11571368	  403.4	  585.4	  401.0	.
11571370	  403.5	  585.4	  401.0	.
11571372	  402.8	  585.3	  402.0	.
11571374	  402.9	  585.7	  402.0	.
11571376	  403.1	  586.1	  402.0	.
11571378	  402.9	  585.9	  402.0	.
11571380	  403.0	  585.7	  402.0	.
11571382	  402.8	  585.1	  403.0	.
11571384	  402.6	  584.4	  403.0	.
11571386	  403.2	  584.6	  404.0	.
11571388	  403.0	  584.4	  404.0	.
11571390	  403.2	  584.9	  403.0	.
11571392	  403.3	  585.0	  404.0	.
11571394	  403.3	  584.9	  404.0	.
11571396	  403.2	  585.1	  404.0	.
11571398	  403.6	  585.3	  403.0	.
11571400	  403.9	  585.1	  403.0	.
11571402	  404.2	  584.9	  407.0	.
11571404	  404.5	  584.9	  407.0	.
11571406	  404.7	  585.2	  407.0	.
11571408	  404.9	  585.6	  407.0	.
11571410	  404.9	  585.3	  407.0	.
11571412	  404.8	  585.0	  407.0	.
11571414	  404.7	  585.0	  408.0	.
11571416	  404.2	  584.9	  410.0	.
11571418	  403.3	  584.1	  414.0	.
11571420	  402.4	  583.4	  414.0	.
11571422	  402.2	  582.6	  413.0	.
11571424	  403.0	  583.4	  413.0	.
11571426	  403.6	  582.2	  414.0	.
11571428	  403.1	  581.8	  412.0	.
EFIX L   11571042	11571428	388	  404.6	  598.8	    384
SSACC L  11571430
11571430	  405.2	  581.7	  410.0	.
11571432	  407.0	  578.2	  412.0	.
11571434	  411.8	  578.5	  414.0	.
11571436	  419.8	  579.4	  414.0	.
11571438	  440.5	  581.2	  415.0	.
11571440	  461.9	  582.1	  417.0	.
11571442	  494.1	  586.4	  419.0	.
11571444	  532.5	  591.2	  421.0	.
11571446	  567.3	  595.9	  425.0	.
11571448	  610.9	  597.5	  425.0	.
11571450	  649.2	  596.1	  425.0	.
11571452	  690.5	  595.2	  432.0	.
11571454	  732.9	  596.6	  432.0	.
11571456	  780.4	  599.2	  432.0	.
11571458	  830.7	  602.0	  432.0	.
11571460	  876.3	  604.5	  433.0	.
11571462	  927.1	  607.1	  435.0	.
11571464	  969.9	  610.7	  435.0	.
11571466	 1014.5	  614.4	  436.0	.
11571468	 1058.0	  615.2	  437.0	.
11571470	 1111.1	  616.2	  436.0	.
11571472	 1150.0	  616.6	  436.0	.
11571474	 1191.6	  618.0	  436.0	.
11571476	 1231.5	  619.2	  435.0	.
11571478	 1271.7	  620.3	  435.0	.
11571480	 1312.6	  621.2	  435.0	.
11571482	 1354.1	  624.7	  434.0	.
11571484	 1389.2	  625.8	  434.0	.
11571486	 1421.2	  625.9	  433.0	.
11571488	 1450.0	  625.5	  433.0	.
11571490	 1481.2	  625.1	  433.0	.
11571492	 1510.5	  625.4	  434.0	.
11571494	 1532.2	  626.0	  434.0	.
11571496	 1549.8	  625.9	  436.0	.
11571498	 1561.4	  625.7	  436.0	.
11571500	 1570.1	  623.2	  436.0	.
11571502	 1570.2	  621.0	  436.0	.
11571504	 1569.4	  619.2	  438.0	.
ESACC L  11571430	11571504	76	  405.2	  581.7	 1570.2	  621.0	  27.37	    605
SFIX L   11571506
11571506	 1568.7	  617.5	  439.0	.
11571508	 1567.3	  617.1	  440.0	.
11571510	 1564.7	  616.9	  440.0	.
11571512	 1564.3	  616.2	  440.0	.
11571514	 1564.0	  616.3	  442.0	.
11571516	 1564.2	  616.3	  443.0	.
11571518	 1564.3	  617.0	  443.0	.
11571520	 1564.2	  617.2	  443.0	.
11571522	 1563.8	  617.4	  446.0	.
11571524	 1562.8	  616.3	  446.0	.
11571526	 1562.2	  615.2	  446.0	.
11571528	 1561.8	  615.1	  443.0	.
11571530	 1560.6	  615.1	  441.0	.
11571532	 1559.6	  616.1	  441.0	.
11571534	 1558.7	  615.2	  440.0	.
11571536	 1558.0	  615.1	  440.0	.
11571538	 1557.2	  615.2	  440.0	.
11571540	 1557.2	  615.3	  440.0	.
11571542	 1557.6	  615.6	  441.0	.
11571544	 1557.0	  615.1	  442.0	.
11571546	 1556.3	  615.1	  441.0	.
11571548	 1556.3	  614.8	  441.0	.
11571550	 1556.2	  614.8	  441.0	.
11571552	 1554.9	  616.0	  441.0	.
11571554	 1554.9	  616.4	  441.0	.
11571556	 1555.1	  616.7	  441.0	.
11571558	 1554.4	  615.5	  441.0	.
11571560	 1554.3	  616.2	  440.0	.
11571562	 1554.4	  615.6	  440.0	.
11571564	 1553.7	  615.3	  440.0	.
11571566	 1554.0	  615.3	  440.0	.
11571568	 1554.3	  615.3	  441.0	.
11571570	 1553.5	  615.6	  442.0	.
11571572	 1552.6	  615.1	  443.0	.
11571574	 1551.0	  615.2	  443.0	.
11571576	 1551.0	  615.2	  443.0	.
11571578	 1551.0	  615.3	  443.0	.
11571580	 1550.7	  615.3	  443.0	.
11571582	 1550.7	  615.4	  442.0	.
11571584	 1550.6	  614.9	  443.0	.
11571586	 1551.4	  615.2	  443.0	.
11571588	 1551.4	  614.7	  443.0	.
11571590	 1551.2	  615.0	  443.0	.
11571592	 1551.2	  615.1	  443.0	.
11571594	 1551.4	  615.2	  442.0	.
11571596	 1550.7	  615.2	  442.0	.
11571598	 1550.1	  615.4	  443.0	.
11571600	 1548.7	  615.6	  443.0	.
11571602	 1549.0	  616.0	  443.0	.
11571604	 1548.8	  616.4	  442.0	.
11571606	 1548.6	  616.3	  442.0	.
11571608	 1548.2	  617.2	  443.0	.
11571610	 1548.4	  618.1	  445.0	.
11571612	 1548.7	  618.8	  448.0	.
11571614	 1548.8	  619.0	  449.0	.
11571616	 1548.8	  619.3	  450.0	.
11571618	 1549.2	  620.2	  450.0	.
11571620	 1549.6	  620.7	  449.0	.
11571622	 1549.5	  621.1	  449.0	.
11571624	 1549.5	  621.6	  449.0	.
11571626	 1549.5	  622.1	  449.0	.
11571628	 1549.5	  622.4	  449.0	.
11571630	 1550.0	  624.0	  450.0	.
11571632	 1549.9	  625.1	  450.0	.
11571634	 1549.6	  625.2	  450.0	.
11571636	 1548.8	  625.2	  449.0	.
11571638	 1548.3	  625.0	  448.0	.
11571640	 1548.3	  626.1	  447.0	.
11571642	 1547.1	  625.5	  446.0	.
11571644	 1546.7	  625.1	  446.0	.
11571646	 1546.7	  624.6	  447.0	.
11571648	 1546.5	  624.7	  447.0	.
11571650	 1546.6	  623.7	  447.0	.
11571652	 1546.6	  623.0	  447.0	.
11571654	 1546.8	  623.5	  446.0	.
11571656	 1546.7	  622.8	  446.0	.
11571658	 1548.7	  623.3	  445.0	.
11571660	 1548.7	  622.8	  445.0	.
11571662	 1547.8	  622.4	  445.0	.
11571664	 1547.7	  622.2	  445.0	.
11571666	 1547.2	  620.5	  445.0	.
11571668	 1547.1	  620.4	  445.0	.
11571670	 1547.4	  620.2	  445.0	.
11571672	 1547.9	  620.3	  445.0	.
11571674	 1547.6	  619.3	  445.0	.
11571676	 1547.6	  619.3	  445.0	.
11571678	 1547.5	  619.3	  446.0	.
11571680	 1548.0	  620.2	  447.0	.
11571682	 1547.9	  620.4	  447.0	.
11571684	 1548.1	  620.5	  449.0	.
11571686	 1547.4	  620.4	  449.0	.
11571688	 1547.5	  620.3	  449.0	.
11571690	 1547.7	  620.7	  449.0	.
11571692	 1546.8	  621.2	  450.0	.
11571694	 1546.8	  622.2	  450.0	.
11571696	 1546.8	  622.5	  449.0	.
11571698	 1546.1	  622.7	  449.0	.
11571700	 1547.0	  625.3	  446.0	.
11571702	 1546.8	  624.7	  446.0	.
11571704	 1546.9	  625.4	  445.0	.
11571706	 1546.7	  625.4	  446.0	.
11571708	 1546.5	  625.1	  447.0	.
11571710	 1546.8	  626.8	  447.0	.
11571712	 1546.8	  627.2	  448.0	.
11571714	 1546.6	  627.1	  449.0	.
11571716	 1546.8	  628.4	  449.0	.
11571718	 1546.7	  628.5	  449.0	.
11571720	 1546.9	  628.1	  450.0	.
11571722	 1546.4	  628.1	  449.0	.
11571724	 1545.4	  626.9	  449.0	.
11571726	 1545.5	  626.3	  450.0	.
11571728	 1545.6	  625.9	  450.0	.
11571730	 1545.4	  626.1	  450.0	.
11571732	 1546.0	  626.2	  448.0	.
11571734	 1546.3	  625.9	  447.0	.
11571736	 1546.9	  626.4	  447.0	.
11571738	 1547.1	  626.8	  447.0	.
11571740	 1547.2	  627.3	  447.0	.
11571742	 1547.5	  627.8	  447.0	.
11571744	 1547.1	  629.1	  447.0	.
11571746	 1546.9	  628.8	  447.0	.
11571748	 1547.1	  628.5	  447.0	.
11571750	 1546.9	  628.9	  446.0	.
11571752	 1547.0	  628.6	  446.0	.
11571754	 1547.1	  628.6	  446.0	.
11571756	 1546.9	  628.6	  446.0	.
11571758	 1546.8	  628.5	  446.0	.
11571760	 1546.1	  628.4	  446.0	.
11571762	 1546.7	  628.3	  446.0	.
11571764	 1547.2	  628.2	  445.0	.
11571766	 1546.9	  628.1	  444.0	.
11571768	 1546.6	  627.9	  444.0	.
11571770	 1545.5	  627.1	  444.0	.
11571772	 1545.5	  626.2	  443.0	.
11571774	 1545.4	  625.0	  443.0	.
11571776	 1545.3	  625.3	  444.0	.
11571778	 1545.2	  625.6	  444.0	.
11571780	 1545.2	  626.1	  444.0	.
11571782	 1545.7	  626.5	  445.0	.
11571784	 1546.1	  627.1	  445.0	.
11571786	 1546.4	  627.0	  445.0	.
11571788	 1545.9	  628.1	  445.0	.
11571790	 1545.2	  627.4	  445.0	.
11571792	 1545.2	  628.0	  445.0	.
11571794	 1545.6	  628.4	  445.0	.
11571796	 1545.8	  628.6	  445.0	.
11571798	 1546.4	  628.4	  446.0	.
11571800	 1547.2	  629.7	  446.0	.
11571802	 1548.0	  629.2	  446.0	.
11571804	 1548.2	  628.9	  447.0	.
11571806	 1548.1	  628.3	  447.0	.
11571808	 1548.1	  628.5	  446.0	.
11571810	 1548.1	  628.7	  447.0	.
11571812	 1548.6	  629.2	  448.0	.
11571814	 1548.3	  629.1	  448.0	.
11571816	 1548.0	  629.1	  449.0	.
11571818	 1548.0	  630.2	  449.0	.
11571820	 1547.9	  629.8	  451.0	.
11571822	 1548.7	  629.4	  451.0	.
11571824	 1549.1	  630.4	  451.0	.
11571826	 1548.8	  630.0	  449.0	.
11571828	 1548.8	  630.7	  448.0	.
11571830	 1549.0	  630.9	  448.0	.
11571832	 1549.0	  630.9	  447.0	.
11571834	 1549.0	  630.9	  447.0	.
11571836	 1549.3	  629.8	  446.0	.
11571838	 1549.3	  630.2	  446.0	.
11571840	 1549.8	  630.6	  446.0	.
11571842	 1549.3	  631.4	  446.0	.
11571844	 1549.8	  632.2	  446.0	.
11571846	 1549.5	  631.8	  445.0	.
11571848	 1549.2	  631.4	  446.0	.
11571850	 1548.9	  631.8	  446.0	.
11571852	 1549.4	  632.1	  448.0	.
11571854	 1548.9	  631.8	  448.0	.
11571856	 1549.0	  631.7	  446.0	.
11571858	 1549.2	  631.7	  446.0	.
11571860	 1549.2	  631.7	  447.0	.
11571862	 1549.0	  631.1	  448.0	.
11571864	 1548.8	  630.9	  448.0	.
11571866	 1548.2	  630.9	  448.0	.
11571868	 1548.6	  631.2	  447.0	.
11571870	 1548.6	  631.1	  447.0	.
11571872	 1548.7	  631.7	  447.0	.
11571874	 1548.4	  631.0	  447.0	.
11571876	 1548.8	  630.9	  448.0	.
11571878	 1549.3	  631.1	  450.0	.
11571880	 1548.8	  630.8	  450.0	.
11571882	 1548.9	  630.5	  450.0	.
11571884	 1548.9	  631.0	  450.0	.
11571886	 1548.7	  630.6	  450.0	.
11571888	 1549.1	  630.2	  449.0	.
11571890	 1548.8	  629.7	  449.0	.
11571892	 1548.5	  629.1	  449.0	.
11571894	 1548.1	  629.2	  449.0	.
11571896	 1547.5	  628.3	  448.0	.
11571898	 1547.9	  627.5	  448.0	.
11571900	 1548.3	  627.5	  449.0	.
11571902	 1548.6	  627.5	  448.0	.
11571904	 1548.8	  627.7	  448.0	.
11571906	 1549.2	  626.4	  448.0	.
11571908	 1549.2	  627.9	  448.0	.
11571910	 1548.9	  628.3	  448.0	.
11571912	 1548.7	  628.3	  448.0	.
11571914	 1548.4	  628.5	  450.0	.
11571916	 1547.5	  628.2	  450.0	.
11571918	 1547.7	  627.9	  450.0	.
11571920	 1548.2	  628.9	  450.0	.
11571922	 1548.2	  629.4	  450.0	.
11571924	 1548.3	  629.5	  450.0	.
11571926	 1548.7	  629.6	  455.0	.
11571928	 1548.9	  629.7	  455.0	.
11571930	 1548.8	  629.2	  453.0	.
11571932	 1548.6	  628.5	  450.0	.
11571934	 1548.6	  628.3	  450.0	.
11571936	 1548.2	  628.2	  450.0	.
11571938	 1548.0	  628.3	  450.0	.
11571940	 1548.1	  628.6	  450.0	.
11571942	 1548.1	  628.9	  449.0	.
11571944	 1548.2	  628.9	  449.0	.
11571946	 1547.8	  628.4	  449.0	.
11571948	 1547.8	  629.1	  448.0	.
11571950	 1547.8	  629.6	  448.0	.
11571952	 1547.8	  629.7	  448.0	.
11571954	 1546.8	  629.6	  447.0	.
11571956	 1547.1	  629.4	  447.0	.
11571958	 1547.4	  629.5	  446.0	.
11571960	 1548.7	  628.7	  446.0	.
11571962	 1548.9	  629.7	  446.0	.
11571964	 1548.9	  629.4	  446.0	.
11571966	 1548.7	  629.3	  447.0	.
11571968	 1548.3	  627.8	  447.0	.
11571970	 1548.2	  628.5	  447.0	.
11571972	 1547.6	  627.8	  448.0	.
11571974	 1547.6	  628.9	  448.0	.
11571976	 1547.4	  628.8	  448.0	.
11571978	 1547.3	  628.8	  448.0	.
11571980	 1547.5	  629.2	  449.0	.
11571982	 1547.0	  627.8	  449.0	.
11571984	 1547.0	  626.4	  449.0	.
11571986	 1546.7	  626.4	  448.0	.
11571988	 1547.2	  626.3	  448.0	.
11571990	 1547.3	  625.2	  449.0	.
11571992	 1547.1	  626.3	  448.0	.
11571994	 1547.3	  626.4	  448.0	.
11571996	 1547.3	  625.9	  448.0	.
11571998	 1546.7	  626.5	  447.0	.
11572000	 1545.8	  626.6	  447.0	.
11572002	 1545.9	  626.5	  447.0	.
11572004	 1546.1	  627.1	  448.0	.
11572006	 1546.0	  626.7	  448.0	.
11572008	 1545.9	  626.2	  448.0	.
11572010	 1545.4	  626.4	  448.0	.
11572012	 1545.3	  626.4	  448.0	.
11572014	 1545.3	  626.3	  449.0	.
11572016	 1545.2	  626.8	  452.0	.
11572018	 1545.0	  626.2	  452.0	.
11572020	 1545.1	  625.6	  451.0	.
11572022	 1545.0	  626.0	  451.0	.
11572024	 1544.8	  625.6	  451.0	.
11572026	 1544.3	  625.5	  452.0	.
11572028	 1543.8	  625.4	  452.0	.
11572030	 1543.7	  625.4	  449.0	.
11572032	 1543.5	  625.4	  449.0	.
11572034	 1543.0	  625.1	  449.0	.
11572036	 1543.6	  625.1	  449.0	.
11572038	 1543.6	  625.2	  448.0	.
11572040	 1543.7	  625.5	  448.0	.
11572042	 1543.5	  625.6	  448.0	.
11572044	 1543.5	  625.8	  448.0	.
11572046	 1543.5	  626.3	  448.0	.
11572048	 1542.6	  626.7	  448.0	.
11572050	 1542.7	  626.7	  448.0	.
11572052	 1542.5	  626.7	  448.0	.
11572054	 1543.1	  626.8	  448.0	.
11572056	 1542.4	  626.9	  448.0	.
11572058	 1542.6	  626.7	  449.0	.
11572060	 1542.8	  626.6	  449.0	.
11572062	 1543.0	  626.5	  450.0	.
11572064	 1542.9	  626.3	  450.0	.
11572066	 1543.2	  626.9	  450.0	.
11572068	 1544.4	  626.8	  451.0	.
11572070	 1544.4	  627.1	  451.0	.
11572072	 1544.7	  626.4	  451.0	.
11572074	 1544.9	  625.8	  451.0	.
11572076	 1544.8	  625.7	  451.0	.
11572078	 1545.3	  625.7	  451.0	.
11572080	 1545.5	  624.6	  451.0	.
11572082	 1544.6	  624.1	  450.0	.
11572084	 1543.7	  623.8	  450.0	.
11572086	 1543.5	  623.8	  450.0	.
11572088	 1543.4	  623.7	  451.0	.
11572090	 1543.4	  623.7	  452.0	.
11572092	 1543.2	  621.4	  452.0	.
11572094	 1543.4	  621.3	  452.0	.
11572096	 1543.6	  621.6	  452.0	.
11572098	 1543.7	  621.4	  451.0	.
11572100	 1543.6	  621.1	  451.0	.
11572102	 1543.2	  620.3	  450.0	.
11572104	 1542.8	  620.3	  450.0	.
11572106	 1542.8	  620.4	  450.0	.
11572108	 1542.1	  619.5	  450.0	.
11572110	 1541.4	  618.6	  450.0	.
11572112	 1540.5	  617.9	  451.0	.
11572114	 1539.3	  617.2	  452.0	.
11572116	 1539.2	  617.0	  454.0	.
11572118	 1539.4	  616.8	  456.0	.
11572120	 1538.3	  616.9	  456.0	.
11572122	 1537.5	  617.2	  457.0	.
11572124	 1537.1	  617.1	  457.0	.
11572126	 1537.0	  617.1	  457.0	.
11572128	 1536.2	  616.7	  457.0	.
11572130	 1536.4	  616.6	  457.0	.
11572132	 1536.3	  616.6	  454.0	.
11572134	 1535.6	  616.9	  454.0	.
11572136	 1533.3	  616.6	  454.0	.
11572138	 1532.1	  616.3	  454.0	.
11572140	 1531.9	  616.0	  454.0	.
11572142	 1532.2	  616.1	  454.0	.
11572144	 1531.4	  616.1	  454.0	.
11572146	 1531.8	  616.7	  453.0	.
11572148	 1532.0	  617.4	  453.0	.
11572150	 1532.6	  617.5	  453.0	.
11572152	 1532.5	  617.2	  452.0	.
11572154	 1533.0	  617.5	  452.0	.
11572156	 1532.9	  617.9	  453.0	.
11572158	 1531.7	  618.0	  454.0	.
11572160	 1531.4	  617.9	  454.0	.
11572162	 1531.4	  617.7	  454.0	.
11572164	 1530.2	  617.4	  454.0	.
11572166	 1529.4	  617.4	  455.0	.
11572168	 1529.1	  617.6	  456.0	.
11572170	 1529.0	  617.2	  456.0	.
11572172	 1529.6	  616.9	  455.0	.
11572174	 1529.1	  615.7	  455.0	.
11572176	 1528.4	  615.5	  455.0	.
11572178	 1528.9	  615.9	  455.0	.
11572180	 1529.0	  616.6	  456.0	.
11572182	 1528.5	  616.1	  458.0	.
11572184	 1527.9	  616.9	  460.0	.
11572186	 1527.8	  616.1	  460.0	.
11572188	 1528.6	  616.6	  460.0	.
11572190	 1529.0	  616.2	  459.0	.
11572192	 1528.9	  616.0	  459.0	.
11572194	 1529.5	  616.2	  458.0	.
11572196	 1529.6	  616.3	  458.0	.
11572198	 1529.7	  616.3	  458.0	.
11572200	 1530.1	  617.5	  458.0	.
11572202	 1530.4	  617.7	  459.0	.
11572204	 1530.6	  618.1	  459.0	.
11572206	 1530.7	  618.2	  459.0	.
11572208	 1530.6	  618.4	  459.0	.
11572210	 1531.0	  618.6	  459.0	.
11572212	 1531.0	  618.3	  459.0	.
11572214	 1531.1	  618.4	  460.0	.
11572216	 1531.6	  617.8	  465.0	.
11572218	 1531.8	  617.7	  465.0	.
11572220	 1531.8	  617.7	  465.0	.
11572222	 1532.6	  617.8	  465.0	.
11572224	 1533.2	  616.8	  465.0	.
11572226	 1532.5	  615.7	  465.0	.
11572228	 1533.2	  615.9	  465.0	.
11572230	 1533.3	  616.0	  465.0	.
11572232	 1533.6	  616.4	  464.0	.
11572234	 1533.9	  617.4	  464.0	.
11572236	 1534.4	  618.5	  464.0	.
11572238	 1534.1	  618.1	  464.0	.
11572240	 1534.2	  618.1	  465.0	.
11572242	 1535.3	  618.1	  465.0	.
11572244	 1535.6	  617.9	  465.0	.
11572246	 1535.5	  618.0	  465.0	.
11572248	 1535.5	  617.9	  465.0	.
11572250	 1536.4	  617.5	  465.0	.
11572252	 1536.6	  617.0	  465.0	.
11572254	 1536.1	  617.6	  464.0	.
11572256	 1536.8	  617.6	  465.0	.
11572258	 1537.1	  617.6	  465.0	.
11572260	 1537.6	  617.0	  465.0	.
11572262	 1537.7	  617.9	  465.0	.
11572264	 1537.8	  618.1	  465.0	.
11572266	 1537.3	  617.8	  465.0	.
11572268	 1537.6	  617.9	  464.0	.
11572270	 1537.1	  617.0	  465.0	.
11572272	 1537.1	  616.6	  465.0	.
11572274	 1538.7	  616.4	  465.0	.
11572276	 1538.7	  616.2	  466.0	.
11572278	 1538.2	  615.1	  466.0	.
11572280	 1538.5	  615.4	  466.0	.
11572282	 1538.4	  615.3	  466.0	.
11572284	 1538.7	  615.2	  465.0	.
11572286	 1539.0	  615.7	  465.0	.
11572288	 1538.8	  614.7	  465.0	.
11572290	 1538.3	  613.7	  465.0	.
11572292	 1538.2	  613.2	  465.0	.
11572294	 1537.8	  613.1	  466.0	.
11572296	 1538.2	  613.0	  467.0	.
11572298	 1537.5	  612.4	  467.0	.
11572300	 1537.2	  612.4	  467.0	.
11572302	 1536.7	  612.4	  467.0	.
11572304	 1536.7	  612.8	  468.0	.
11572306	 1536.3	  612.5	  469.0	.
11572308	 1536.8	  612.0	  468.0	.
11572310	 1537.3	  612.4	  468.0	.
11572312	 1536.3	  612.7	  468.0	.
11572314	 1535.0	  611.8	  469.0	.
MSG	11572315 TRIAL 20 END
