MSG	11557643 TRIAL 19 START
MSG	11559632 DRIFTCORRECT L LEFT  at 960,540  OFFSET 0.56 deg.  21.7,-4.7 pix.
MSG	11560390 RECCFG P 500 2 1 
MSG	11560390 GAZE_COORDS 0.00 0.00 1919.00 1079.00
MSG	11560391 !MODE RECORD P 500 2 1
START	11560392 	LEFT	SAMPLES	EVENTS
PRESCALER	1
VPRESCALER	1
PUPIL	AREA
EVENTS	GAZE	LEFT	RATE	 500.00	TRACKING	P	FILTER	2
SAMPLES	GAZE	LEFT	RATE	 500.00	TRACKING	P	FILTER	2
11560392	 1667.6	  535.2	  494.0	.
11560394	 1667.3	  535.2	  494.0	.
11560396	 1666.7	  534.5	  494.0	.
11560398	 1666.2	  533.8	  492.0	.
SFIX L   11560400
11560400	 1665.9	  533.7	  490.0	.
11560402	 1665.8	  533.7	  490.0	.
11560404	 1665.8	  533.7	  493.0	.
11560406	 1665.4	  533.7	  494.0	.
11560408	 1665.3	  534.3	  494.0	.
11560410	 1664.8	  534.6	  494.0	.
11560412	 1664.9	  534.7	  494.0	.
11560414	 1665.1	  535.3	  494.0	.
11560416	 1665.2	  535.9	  495.0	.
11560418	 1666.1	  538.2	  497.0	.
11560420	 1666.3	  540.5	  497.0	.
11560422	 1666.8	  541.6	  497.0	.
11560424	 1667.2	  542.7	  497.0	.
11560426	 1666.5	  543.7	  497.0	.
11560428	 1666.7	  544.6	  497.0	.
11560430	 1666.9	  545.0	  497.0	.
11560432	 1666.9	  545.1	  497.0	.
11560434	 1666.7	  545.2	  498.0	.
11560436	 1666.8	  546.5	  498.0	.
11560438	 1665.0	  546.7	  498.0	.
11560440	 1665.4	  546.8	  498.0	.
11560442	 1665.6	  546.7	  496.0	.
11560444	 1666.2	  547.5	  496.0	.
11560446	 1665.7	  547.6	  496.0	.
11560448	 1665.5	  547.6	  495.0	.
11560450	 1665.7	  547.9	  495.0	.
11560452	 1665.1	  547.2	  495.0	.
11560454	 1664.7	  547.2	  495.0	.
11560456	 1665.0	  547.3	  494.0	.
11560458	 1665.4	  547.5	  494.0	.
11560460	 1665.2	  546.2	  494.0	.
11560462	 1664.8	  544.8	  494.0	.
11560464	 1664.7	  544.5	  494.0	.
11560466	 1664.2	  544.2	  495.0	.
11560468	 1663.4	  543.1	  496.0	.
11560470	 1662.1	  541.9	  495.0	.
11560472	 1662.5	  542.7	  495.0	.
11560474	 1662.6	  542.4	  495.0	.
EFIX L   11560400	11560474	76	 1665.5	  542.0	    495
SSACC L  11560476
11560476	 1665.4	  542.4	  496.0	.
11560478	 1668.3	  541.7	  496.0	.
11560480	 1676.5	  540.7	  497.0	.
11560482	 1681.4	  539.1	  497.0	.
11560484	 1694.8	  539.0	  496.0	.
11560486	 1708.8	  538.6	  495.0	.
11560488	 1720.1	  538.2	  494.0	.
11560490	 1736.2	  537.2	  495.0	.
11560492	 1754.4	  541.8	  493.0	.
11560494	 1763.1	  541.3	  492.0	.
11560496	 1770.2	  541.1	  493.0	.
11560498	 1783.8	  540.0	  492.0	.
MSG	11560500 Start Recording with 0
MSG	11560500 SYNCTIME
11560500	 1790.6	  540.0	  491.0	.
11560502	 1802.5	  539.6	  490.0	.
ESACC L  11560476	11560502	28	 1665.4	  542.4	 1790.6	  540.0	   2.69	    158
SFIX L   11560504
11560504	 1810.2	  540.1	  490.0	.
11560506	 1815.6	  540.4	  490.0	.
11560508	 1815.9	  541.1	  490.0	.
11560510	 1816.6	  543.0	  494.0	.
11560512	 1816.9	  544.8	  494.0	.
11560514	 1817.2	  546.5	  494.0	.
MSG	11560516 DSP: FIXATION
11560516	 1817.0	  546.1	  494.0	.
11560518	 1815.6	  545.8	  494.0	.
11560520	 1816.1	  546.4	  495.0	.
11560522	 1816.2	  546.6	  495.0	.
11560524	 1816.4	  546.9	  495.0	.
11560526	 1816.7	  547.5	  495.0	.
11560528	 1816.6	  547.0	  499.0	.
11560530	 1817.7	  547.4	  499.0	.
11560532	 1818.1	  547.3	  499.0	.
11560534	 1818.3	  547.3	  499.0	.
11560536	 1818.6	  547.8	  498.0	.
11560538	 1818.7	  547.3	  497.0	.
11560540	 1818.8	  546.7	  497.0	.
11560542	 1818.8	  546.2	  497.0	.
11560544	 1818.6	  545.7	  498.0	.
11560546	 1818.5	  545.9	  500.0	.
11560548	 1819.3	  546.0	  500.0	.
11560550	 1819.1	  545.6	  499.0	.
11560552	 1819.1	  546.3	  499.0	.
11560554	 1819.2	  546.6	  499.0	.
11560556	 1819.1	  546.8	  499.0	.
11560558	 1819.1	  546.8	  499.0	.
11560560	 1818.9	  546.8	  499.0	.
11560562	 1818.8	  546.4	  499.0	.
11560564	 1818.5	  546.0	  500.0	.
11560566	 1818.0	  546.1	  500.0	.
11560568	 1817.8	  546.1	  499.0	.
11560570	 1817.9	  546.3	  499.0	.
11560572	 1817.5	  546.4	  499.0	.
11560574	 1818.1	  547.6	  500.0	.
11560576	 1818.6	  548.8	  500.0	.
11560578	 1818.5	  550.2	  499.0	.
11560580	 1818.2	  550.6	  499.0	.
11560582	 1817.8	  550.2	  499.0	.
11560584	 1817.6	  549.6	  500.0	.
11560586	 1817.7	  549.5	  500.0	.
11560588	 1817.4	  549.3	  500.0	.
11560590	 1817.4	  549.9	  500.0	.
11560592	 1817.5	  550.3	  499.0	.
11560594	 1817.3	  549.6	  499.0	.
11560596	 1817.1	  549.7	  500.0	.
11560598	 1817.5	  550.0	  501.0	.
11560600	 1818.2	  551.0	  501.0	.
11560602	 1818.1	  551.3	  505.0	.
11560604	 1818.2	  551.2	  505.0	.
11560606	 1817.6	  550.8	  504.0	.
11560608	 1817.4	  550.4	  503.0	.
11560610	 1817.3	  550.1	  503.0	.
11560612	 1818.0	  549.9	  503.0	.
11560614	 1818.0	  549.9	  503.0	.
11560616	 1817.9	  549.6	  503.0	.
11560618	 1817.9	  549.4	  503.0	.
11560620	 1817.7	  548.7	  504.0	.
11560622	 1817.8	  549.8	  506.0	.
11560624	 1817.6	  550.1	  506.0	.
11560626	 1816.5	  550.6	  507.0	.
11560628	 1817.1	  550.7	  507.0	.
11560630	 1816.2	  550.2	  507.0	.
11560632	 1815.5	  550.2	  507.0	.
11560634	 1813.7	  550.3	  508.0	.
EFIX L   11560504	11560634	132	 1817.5	  547.7	    499
SSACC L  11560636
11560636	 1811.3	  550.8	  508.0	.
11560638	 1807.2	  551.4	  508.0	.
11560640	 1797.3	  552.7	  508.0	.
11560642	 1772.4	  554.9	  508.0	.
11560644	 1746.1	  558.4	  509.0	.
11560646	 1709.0	  562.4	  511.0	.
11560648	 1670.2	  572.1	  512.0	.
11560650	 1626.1	  586.5	  512.0	.
11560652	 1577.0	  595.5	  512.0	.
11560654	 1524.3	  600.3	  515.0	.
11560656	 1479.9	  605.4	  519.0	.
11560658	 1429.4	  610.4	  520.0	.
11560660	 1380.2	  613.0	  521.0	.
11560662	 1336.2	  615.3	  521.0	.
11560664	 1287.7	  612.1	  521.0	.
11560666	 1239.9	  608.9	  518.0	.
11560668	 1203.5	  609.1	  517.0	.
11560670	 1158.7	  608.0	  517.0	.
11560672	 1114.7	  606.8	  514.0	.
11560674	 1078.0	  604.7	  509.0	.
11560676	 1043.2	  603.0	  505.0	.
11560678	 1017.2	  602.3	  505.0	.
11560680	  989.6	  601.8	  505.0	.
11560682	  968.1	  600.8	  505.0	.
11560684	  958.6	  600.0	  506.0	.
11560686	  950.6	  598.6	  506.0	.
11560688	  947.2	  598.1	  507.0	.
11560690	  947.4	  597.9	  507.0	.
ESACC L  11560636	11560690	56	 1811.3	  550.8	  947.2	  598.1	  19.75	    593
SFIX L   11560692
11560692	  947.1	  594.6	  508.0	.
11560694	  948.0	  594.4	  508.0	.
11560696	  951.0	  594.1	  508.0	.
11560698	  951.8	  593.6	  508.0	.
11560700	  952.5	  593.1	  506.0	.
11560702	  953.2	  593.0	  506.0	.
11560704	  954.3	  592.8	  505.0	.
11560706	  954.7	  592.6	  504.0	.
11560708	  955.1	  592.4	  504.0	.
11560710	  955.6	  591.7	  503.0	.
11560712	  955.7	  592.0	  503.0	.
11560714	  955.2	  591.8	  503.0	.
11560716	  954.8	  592.1	  504.0	.
11560718	  954.7	  592.4	  505.0	.
11560720	  954.7	  592.6	  507.0	.
11560722	  954.2	  592.6	  506.0	.
11560724	  954.2	  592.6	  506.0	.
11560726	  954.0	  592.2	  506.0	.
11560728	  954.3	  591.8	  506.0	.
11560730	  954.1	  592.0	  506.0	.
11560732	  954.2	  592.1	  504.0	.
11560734	  953.3	  591.8	  503.0	.
11560736	  952.4	  591.4	  503.0	.
11560738	  952.4	  589.9	  500.0	.
11560740	  951.8	  590.9	  500.0	.
11560742	  950.9	  590.8	  499.0	.
11560744	  951.1	  591.4	  499.0	.
11560746	  950.3	  591.3	  499.0	.
11560748	  949.6	  591.8	  499.0	.
11560750	  948.9	  591.1	  498.0	.
11560752	  948.7	  590.3	  497.0	.
11560754	  948.4	  589.5	  496.0	.
11560756	  948.6	  590.0	  496.0	.
11560758	  948.2	  589.8	  496.0	.
11560760	  948.7	  589.6	  496.0	.
11560762	  948.7	  589.3	  496.0	.
11560764	  948.6	  589.3	  496.0	.
11560766	  948.4	  588.7	  496.0	.
11560768	  948.2	  588.1	  496.0	.
11560770	  947.9	  587.6	  494.0	.
11560772	  947.3	  588.1	  493.0	.
11560774	  946.4	  588.0	  493.0	.
11560776	  946.5	  588.9	  492.0	.
11560778	  947.7	  589.9	  492.0	.
11560780	  947.7	  589.9	  491.0	.
11560782	  947.5	  589.0	  491.0	.
11560784	  947.2	  588.6	  490.0	.
11560786	  946.8	  588.3	  490.0	.
11560788	  946.5	  588.5	  488.0	.
11560790	  946.7	  587.0	  488.0	.
11560792	  946.6	  586.7	  488.0	.
11560794	  946.6	  586.6	  488.0	.
11560796	  946.6	  586.5	  488.0	.
11560798	  946.8	  586.5	  488.0	.
11560800	  947.0	  587.0	  488.0	.
11560802	  946.9	  586.4	  486.0	.
11560804	  947.0	  586.2	  486.0	.
11560806	  947.0	  586.0	  486.0	.
11560808	  947.1	  586.0	  486.0	.
11560810	  947.8	  586.2	  485.0	.
11560812	  948.1	  586.5	  484.0	.
11560814	  947.9	  586.4	  484.0	.
11560816	  948.1	  586.7	  484.0	.
11560818	  947.4	  587.1	  484.0	.
11560820	  946.7	  587.2	  484.0	.
11560822	  946.2	  586.9	  485.0	.
11560824	  946.1	  586.5	  486.0	.
11560826	  946.0	  586.5	  486.0	.
11560828	  946.5	  588.6	  485.0	.
11560830	  946.6	  588.5	  485.0	.
11560832	  947.6	  589.2	  485.0	.
11560834	  947.1	  588.7	  485.0	.
11560836	  946.8	  589.0	  484.0	.
11560838	  947.0	  588.6	  478.0	.
11560840	  947.4	  588.2	  477.0	.
11560842	  947.5	  589.0	  477.0	.
11560844	  948.2	  589.3	  477.0	.
11560846	  948.8	  589.6	  477.0	.
11560848	  948.0	  589.3	  476.0	.
11560850	  947.5	  589.0	  476.0	.
11560852	  947.2	  589.1	  473.0	.
11560854	  946.4	  588.6	  473.0	.
11560856	  946.4	  588.4	  470.0	.
11560858	  946.3	  588.4	  471.0	.
11560860	  946.2	  588.4	  470.0	.
11560862	  946.0	  588.3	  470.0	.
11560864	  945.9	  588.4	  470.0	.
11560866	  945.6	  588.1	  469.0	.
11560868	  945.1	  587.8	  468.0	.
11560870	  944.4	  587.1	  467.0	.
11560872	  943.8	  587.1	  467.0	.
11560874	  943.7	  587.1	  465.0	.
11560876	  943.7	  586.9	  465.0	.
11560878	  943.5	  587.1	  465.0	.
11560880	  943.8	  587.3	  463.0	.
11560882	  942.9	  586.9	  462.0	.
11560884	  942.3	  587.5	  462.0	.
11560886	  942.2	  588.1	  461.0	.
11560888	  942.2	  588.1	  460.0	.
11560890	  942.1	  588.2	  459.0	.
11560892	  942.4	  588.8	  458.0	.
11560894	  941.7	  588.0	  458.0	.
11560896	  941.6	  587.1	  456.0	.
11560898	  941.4	  587.6	  455.0	.
11560900	  941.4	  586.5	  454.0	.
11560902	  941.3	  586.3	  454.0	.
11560904	  941.1	  586.5	  454.0	.
11560906	  941.0	  586.2	  453.0	.
11560908	  941.3	  586.2	  453.0	.
11560910	  940.8	  586.2	  452.0	.
11560912	  940.4	  585.9	  451.0	.
11560914	  940.4	  586.4	  451.0	.
11560916	  940.6	  586.9	  451.0	.
11560918	  940.7	  587.3	  451.0	.
11560920	  940.5	  587.6	  451.0	.
11560922	  940.2	  587.9	  452.0	.
11560924	  940.4	  588.1	  452.0	.
11560926	  940.4	  588.2	  451.0	.
11560928	  939.9	  588.3	  451.0	.
11560930	  939.2	  588.6	  448.0	.
11560932	  939.8	  589.0	  445.0	.
11560934	  940.0	  588.7	  443.0	.
11560936	  940.3	  588.5	  443.0	.
11560938	  940.2	  588.5	  442.0	.
11560940	  940.2	  588.1	  442.0	.
11560942	  940.1	  587.7	  441.0	.
11560944	  940.4	  587.9	  441.0	.
11560946	  940.0	  587.1	  439.0	.
11560948	  939.8	  587.0	  438.0	.
11560950	  940.6	  587.1	  438.0	.
11560952	  940.8	  587.3	  437.0	.
11560954	  941.0	  588.0	  436.0	.
11560956	  941.1	  588.7	  436.0	.
11560958	  941.1	  589.0	  436.0	.
11560960	  941.0	  589.4	  436.0	.
11560962	  941.1	  590.1	  436.0	.
11560964	  941.2	  590.4	  435.0	.
11560966	  940.2	  590.2	  435.0	.
11560968	  940.2	  590.2	  435.0	.
11560970	  940.1	  590.5	  432.0	.
11560972	  940.3	  590.7	  430.0	.
11560974	  939.7	  590.6	  430.0	.
11560976	  939.7	  590.9	  430.0	.
11560978	  939.5	  590.2	  430.0	.
11560980	  939.6	  589.7	  429.0	.
11560982	  939.5	  589.0	  429.0	.
11560984	  940.4	  589.0	  427.0	.
11560986	  940.6	  588.8	  425.0	.
11560988	  941.0	  589.2	  425.0	.
11560990	  941.1	  588.9	  425.0	.
11560992	  941.2	  588.7	  424.0	.
11560994	  941.3	  589.1	  422.0	.
11560996	  941.5	  589.3	  422.0	.
11560998	  942.2	  589.3	  422.0	.
11561000	  942.8	  590.9	  420.0	.
11561002	  943.2	  592.3	  418.0	.
11561004	  943.2	  591.7	  416.0	.
11561006	  943.6	  592.0	  416.0	.
11561008	  943.7	  592.3	  415.0	.
11561010	  943.7	  592.1	  415.0	.
11561012	  944.4	  593.0	  414.0	.
11561014	  945.1	  593.9	  414.0	.
11561016	  945.5	  594.1	  414.0	.
11561018	  945.4	  594.3	  414.0	.
11561020	  946.1	  598.5	  413.0	.
11561022	  946.0	  599.5	  413.0	.
11561024	  946.2	  600.6	  412.0	.
11561026	  946.2	  600.8	  411.0	.
11561028	  945.8	  600.5	  409.0	.
11561030	  945.6	  601.2	  409.0	.
11561032	  945.8	  601.1	  407.0	.
11561034	  945.8	  601.0	  405.0	.
11561036	  945.7	  601.2	  404.0	.
11561038	  946.3	  601.1	  403.0	.
11561040	  946.6	  601.7	  403.0	.
11561042	  946.7	  601.3	  402.0	.
11561044	  946.8	  600.8	  402.0	.
11561046	  946.5	  601.0	  400.0	.
11561048	  946.7	  600.1	  400.0	.
11561050	  947.0	  599.1	  400.0	.
11561052	  947.0	  598.7	  398.0	.
11561054	  947.1	  598.1	  396.0	.
11561056	  948.9	  597.9	  396.0	.
11561058	  948.5	  598.5	  396.0	.
11561060	  947.9	  598.1	  394.0	.
11561062	  947.9	  597.9	  393.0	.
11561064	  948.0	  597.8	  392.0	.
11561066	  947.3	  595.5	  392.0	.
11561068	  947.0	  595.4	  392.0	.
11561070	  946.2	  595.2	  392.0	.
11561072	  945.7	  595.5	  393.0	.
11561074	  945.7	  595.0	  393.0	.
11561076	  945.7	  594.5	  393.0	.
11561078	  946.4	  595.6	  391.0	.
11561080	  946.9	  596.7	  390.0	.
11561082	  947.3	  597.0	  390.0	.
11561084	  947.7	  597.2	  390.0	.
11561086	  948.0	  598.8	  388.0	.
11561088	  948.1	  600.5	  388.0	.
11561090	  948.7	  601.5	  388.0	.
11561092	  948.1	  601.8	  388.0	.
11561094	  948.0	  602.2	  384.0	.
11561096	  948.0	  602.7	  384.0	.
11561098	  947.5	  602.6	  384.0	.
11561100	  947.1	  602.5	  384.0	.
11561102	  946.6	  603.9	  384.0	.
11561104	  945.8	  603.3	  383.0	.
11561106	  945.6	  602.7	  382.0	.
11561108	  946.1	  604.6	  381.0	.
11561110	  946.6	  606.4	  381.0	.
11561112	  946.3	  606.6	  381.0	.
11561114	  947.1	  606.4	  381.0	.
11561116	  947.0	  606.1	  380.0	.
11561118	  946.5	  603.9	  380.0	.
11561120	  947.3	  604.7	  380.0	.
11561122	  946.7	  604.5	  380.0	.
11561124	  947.0	  605.0	  381.0	.
11561126	  947.3	  605.5	  381.0	.
11561128	  947.3	  605.2	  382.0	.
11561130	  947.4	  604.9	  382.0	.
11561132	  948.0	  603.8	  382.0	.
11561134	  947.8	  603.2	  378.0	.
11561136	  947.9	  602.7	  377.0	.
11561138	  947.4	  602.0	  377.0	.
11561140	  947.1	  602.6	  376.0	.
11561142	  947.4	  602.8	  377.0	.
11561144	  946.8	  602.9	  378.0	.
11561146	  946.6	  603.0	  378.0	.
11561148	  946.4	  602.9	  375.0	.
11561150	  945.9	  602.6	  374.0	.
11561152	  945.3	  602.2	  373.0	.
11561154	  945.5	  602.0	  373.0	.
11561156	  944.8	  601.9	  373.0	.
11561158	  944.6	  601.0	  372.0	.
11561160	  945.0	  601.0	  372.0	.
11561162	  945.3	  601.0	  371.0	.
11561164	  945.2	  600.7	  370.0	.
11561166	  945.2	  600.8	  370.0	.
11561168	  945.3	  600.9	  370.0	.
11561170	  945.3	  601.1	  369.0	.
11561172	  945.5	  600.7	  369.0	.
11561174	  945.5	  600.2	  368.0	.
11561176	  945.5	  599.2	  367.0	.
11561178	  950.1	  598.2	  367.0	.
EFIX L   11560692	11561178	488	  946.0	  593.1	    442
SSACC L  11561180
11561180	  954.3	  595.0	  366.0	.
11561182	  958.8	  593.9	  366.0	.
11561184	  962.3	  592.8	  366.0	.
11561186	  966.5	  590.6	  366.0	.
11561188	  969.9	  588.4	  365.0	.
11561190	  971.7	  588.5	  365.0	.
ESACC L  11561180	11561190	12	  954.3	  595.0	  969.9	  588.4	   0.44	     57
SFIX L   11561192
11561192	  973.5	  588.1	  364.0	.
11561194	  973.3	  587.6	  363.0	.
11561196	  972.8	  585.5	  363.0	.
11561198	  972.3	  585.8	  363.0	.
11561200	  973.2	  585.8	  362.0	.
11561202	  973.1	  585.6	  361.0	.
11561204	  973.6	  585.8	  360.0	.
11561206	  973.3	  585.5	  360.0	.
11561208	  973.2	  585.3	  360.0	.
11561210	  973.1	  585.2	  360.0	.
11561212	  972.1	  585.3	  360.0	.
11561214	  972.0	  585.3	  360.0	.
11561216	  972.3	  586.4	  360.0	.
11561218	  972.4	  586.8	  361.0	.
11561220	  972.1	  586.7	  362.0	.
11561222	  972.2	  586.8	  363.0	.
11561224	  971.7	  586.5	  363.0	.
11561226	  971.7	  586.5	  362.0	.
11561228	  971.8	  586.5	  362.0	.
11561230	  971.9	  585.7	  362.0	.
11561232	  972.5	  586.1	  359.0	.
11561234	  972.7	  585.5	  358.0	.
11561236	  973.0	  585.2	  358.0	.
11561238	  973.6	  585.2	  357.0	.
11561240	  974.1	  585.1	  357.0	.
11561242	  973.9	  585.0	  357.0	.
11561244	  974.1	  585.1	  357.0	.
11561246	  973.5	  584.8	  355.0	.
11561248	  973.2	  584.9	  355.0	.
11561250	  973.0	  584.7	  355.0	.
11561252	  973.3	  584.4	  355.0	.
11561254	  973.6	  584.8	  355.0	.
11561256	  974.4	  585.0	  355.0	.
11561258	  974.4	  584.4	  355.0	.
11561260	  974.1	  584.6	  355.0	.
11561262	  973.9	  584.8	  355.0	.
11561264	  974.3	  585.9	  354.0	.
11561266	  974.1	  585.0	  353.0	.
11561268	  974.0	  584.0	  353.0	.
11561270	  974.1	  583.3	  353.0	.
11561272	  974.5	  583.2	  353.0	.
11561274	  974.5	  583.1	  353.0	.
11561276	  974.9	  583.3	  353.0	.
11561278	  974.4	  583.4	  353.0	.
11561280	  974.0	  583.5	  353.0	.
11561282	  973.8	  583.9	  353.0	.
11561284	  973.7	  583.9	  354.0	.
11561286	  973.6	  583.8	  354.0	.
11561288	  974.2	  583.2	  354.0	.
11561290	  975.0	  583.3	  354.0	.
11561292	  974.8	  582.5	  354.0	.
11561294	  975.0	  581.7	  352.0	.
11561296	  975.7	  583.8	  352.0	.
11561298	  975.7	  584.6	  352.0	.
11561300	  975.6	  585.4	  352.0	.
11561302	  975.7	  585.4	  352.0	.
11561304	  975.8	  585.2	  352.0	.
11561306	  976.5	  585.1	  352.0	.
11561308	  975.9	  585.1	  352.0	.
11561310	  975.2	  584.0	  351.0	.
11561312	  975.1	  582.9	  351.0	.
11561314	  975.0	  582.8	  351.0	.
11561316	  975.0	  582.9	  351.0	.
11561318	  975.4	  583.1	  352.0	.
11561320	  975.5	  583.4	  352.0	.
11561322	  975.2	  582.6	  353.0	.
11561324	  975.1	  582.9	  353.0	.
11561326	  974.9	  582.9	  353.0	.
11561328	  974.7	  582.9	  353.0	.
11561330	  975.0	  582.8	  353.0	.
11561332	  974.6	  582.9	  352.0	.
11561334	  974.5	  582.9	  352.0	.
11561336	  974.5	  582.7	  351.0	.
11561338	  974.6	  583.0	  351.0	.
11561340	  977.0	  583.4	  351.0	.
11561342	  976.9	  583.0	  350.0	.
11561344	  977.5	  584.5	  350.0	.
11561346	  976.9	  585.9	  351.0	.
11561348	  977.1	  584.9	  351.0	.
11561350	  977.5	  585.0	  350.0	.
11561352	  977.4	  585.0	  350.0	.
11561354	  977.2	  584.3	  350.0	.
11561356	  977.5	  585.6	  350.0	.
11561358	  977.9	  586.9	  350.0	.
11561360	  977.6	  585.4	  350.0	.
11561362	  977.3	  583.9	  350.0	.
11561364	  977.8	  584.9	  350.0	.
11561366	  977.5	  585.3	  348.0	.
11561368	  977.7	  585.5	  348.0	.
11561370	  977.6	  585.5	  348.0	.
11561372	  977.4	  586.2	  348.0	.
11561374	  978.4	  586.4	  348.0	.
11561376	  977.7	  586.7	  347.0	.
11561378	  977.0	  585.7	  347.0	.
11561380	  974.6	  584.7	  347.0	.
11561382	  970.2	  583.4	  346.0	.
11561384	  967.3	  582.3	  346.0	.
11561386	  961.3	  578.7	  345.0	.
11561388	  960.8	  578.2	  345.0	.
11561390	  958.0	  578.1	  345.0	.
11561392	  958.2	  578.2	  344.0	.
11561394	  958.2	  576.0	  343.0	.
11561396	  959.7	  575.5	  343.0	.
11561398	  959.6	  574.9	  343.0	.
11561400	  959.2	  573.2	  345.0	.
11561402	  959.2	  573.0	  345.0	.
11561404	  959.1	  572.8	  344.0	.
11561406	  959.2	  572.9	  344.0	.
11561408	  958.6	  572.7	  343.0	.
11561410	  958.5	  572.7	  342.0	.
11561412	  958.7	  573.0	  342.0	.
11561414	  958.4	  573.1	  342.0	.
11561416	  958.7	  573.6	  344.0	.
11561418	  959.0	  574.0	  346.0	.
11561420	  959.2	  573.7	  346.0	.
11561422	  959.6	  574.1	  346.0	.
11561424	  960.3	  574.7	  344.0	.
11561426	  960.3	  574.1	  344.0	.
11561428	  960.1	  573.7	  344.0	.
11561430	  960.2	  573.5	  344.0	.
11561432	  960.4	  573.6	  345.0	.
11561434	  960.0	  573.6	  345.0	.
11561436	  960.2	  573.8	  345.0	.
11561438	  960.1	  574.0	  345.0	.
11561440	  959.9	  573.9	  344.0	.
11561442	  959.4	  573.9	  344.0	.
11561444	  958.4	  573.9	  344.0	.
11561446	  958.4	  573.9	  344.0	.
11561448	  958.5	  573.2	  342.0	.
11561450	  958.8	  573.4	  342.0	.
11561452	  959.2	  573.5	  341.0	.
11561454	  959.3	  573.5	  341.0	.
11561456	  959.4	  573.4	  341.0	.
11561458	  959.6	  573.8	  341.0	.
11561460	  959.9	  574.2	  342.0	.
11561462	  959.6	  573.9	  342.0	.
11561464	  959.6	  573.5	  342.0	.
11561466	  959.2	  573.9	  342.0	.
11561468	  958.7	  573.5	  341.0	.
11561470	  959.4	  573.1	  341.0	.
11561472	  960.0	  572.9	  341.0	.
11561474	  959.1	  572.7	  341.0	.
11561476	  959.2	  572.5	  341.0	.
11561478	  959.3	  572.4	  341.0	.
11561480	  958.9	  572.3	  341.0	.
11561482	  959.0	  572.5	  341.0	.
11561484	  959.2	  572.8	  339.0	.
11561486	  958.5	  573.1	  339.0	.
11561488	  958.6	  573.2	  339.0	.
11561490	  958.7	  573.4	  339.0	.
11561492	  957.9	  572.6	  340.0	.
11561494	  957.9	  572.6	  339.0	.
11561496	  957.9	  572.9	  340.0	.
11561498	  957.9	  572.6	  340.0	.
11561500	  958.9	  572.7	  340.0	.
11561502	  960.1	  572.8	  340.0	.
11561504	  960.8	  572.6	  340.0	.
11561506	  961.1	  572.9	  340.0	.
11561508	  961.2	  573.0	  340.0	.
11561510	  961.3	  573.0	  339.0	.
11561512	  960.8	  573.7	  339.0	.
11561514	  960.9	  574.4	  340.0	.
11561516	  960.7	  574.0	  340.0	.
11561518	  961.0	  573.6	  341.0	.
11561520	  960.9	  573.5	  342.0	.
11561522	  961.8	  573.6	  344.0	.
11561524	  962.1	  573.6	  344.0	.
11561526	  962.1	  573.7	  344.0	.
11561528	  963.1	  575.3	  344.0	.
11561530	  963.1	  575.5	  345.0	.
11561532	  963.1	  575.6	  345.0	.
11561534	  963.0	  575.8	  344.0	.
11561536	  963.3	  575.9	  342.0	.
11561538	  962.4	  575.4	  341.0	.
11561540	  961.6	  574.9	  341.0	.
11561542	  961.5	  574.7	  341.0	.
11561544	  961.7	  574.5	  340.0	.
11561546	  962.1	  574.8	  339.0	.
11561548	  961.6	  575.1	  339.0	.
11561550	  961.5	  574.8	  340.0	.
11561552	  961.4	  574.3	  341.0	.
11561554	  961.2	  574.3	  341.0	.
11561556	  961.1	  574.2	  341.0	.
11561558	  961.0	  573.8	  341.0	.
11561560	  961.5	  573.8	  340.0	.
11561562	  961.7	  574.2	  340.0	.
11561564	  961.5	  573.7	  340.0	.
11561566	  962.2	  574.5	  340.0	.
11561568	  962.1	  575.2	  340.0	.
11561570	  961.8	  574.7	  340.0	.
11561572	  960.8	  574.2	  340.0	.
11561574	  960.9	  574.8	  340.0	.
11561576	  959.9	  574.6	  340.0	.
11561578	  960.5	  574.9	  340.0	.
11561580	  961.1	  574.6	  340.0	.
11561582	  961.4	  574.2	  339.0	.
11561584	  961.8	  574.7	  338.0	.
11561586	  960.8	  574.7	  338.0	.
11561588	  960.4	  574.6	  338.0	.
11561590	  959.9	  574.1	  338.0	.
11561592	  960.1	  574.8	  338.0	.
11561594	  959.5	  573.8	  338.0	.
11561596	  960.0	  574.1	  338.0	.
11561598	  960.5	  574.5	  337.0	.
11561600	  961.9	  574.3	  337.0	.
11561602	  961.7	  574.2	  337.0	.
11561604	  961.5	  574.4	  337.0	.
11561606	  960.8	  572.7	  338.0	.
11561608	  960.5	  572.1	  339.0	.
11561610	  960.5	  571.8	  339.0	.
11561612	  960.3	  571.6	  342.0	.
11561614	  960.1	  572.0	  342.0	.
11561616	  960.0	  572.5	  342.0	.
11561618	  960.0	  572.6	  343.0	.
11561620	  959.9	  572.3	  343.0	.
11561622	  960.4	  573.2	  343.0	.
11561624	  960.6	  572.9	  343.0	.
11561626	  959.9	  572.6	  343.0	.
11561628	  959.6	  572.2	  342.0	.
11561630	  959.6	  572.1	  342.0	.
11561632	  959.2	  572.2	  341.0	.
11561634	  959.7	  572.1	  341.0	.
11561636	  959.7	  572.1	  340.0	.
11561638	  959.5	  572.0	  340.0	.
11561640	  959.3	  572.0	  340.0	.
11561642	  958.9	  571.6	  340.0	.
11561644	  958.7	  571.4	  340.0	.
11561646	  959.2	  571.4	  340.0	.
11561648	  959.0	  571.5	  339.0	.
11561650	  958.9	  571.6	  340.0	.
11561652	  958.8	  571.6	  339.0	.
11561654	  958.8	  571.9	  339.0	.
11561656	  959.3	  572.0	  339.0	.
11561658	  960.0	  572.5	  339.0	.
11561660	  960.4	  572.6	  338.0	.
11561662	  960.5	  572.5	  338.0	.
11561664	  960.7	  573.0	  338.0	.
11561666	  960.6	  572.8	  339.0	.
11561668	  960.4	  572.7	  339.0	.
11561670	  960.6	  572.6	  339.0	.
11561672	  960.8	  572.7	  338.0	.
11561674	  960.7	  572.5	  338.0	.
11561676	  960.6	  572.7	  340.0	.
11561678	  961.0	  572.5	  340.0	.
11561680	  960.4	  572.6	  341.0	.
11561682	  959.9	  572.2	  340.0	.
11561684	  959.8	  572.3	  341.0	.
11561686	  959.8	  572.3	  341.0	.
11561688	  959.6	  571.8	  341.0	.
11561690	  959.1	  571.2	  341.0	.
11561692	  959.0	  571.3	  340.0	.
11561694	  959.1	  571.3	  340.0	.
11561696	  958.4	  571.1	  340.0	.
11561698	  958.3	  570.4	  340.0	.
11561700	  958.6	  571.1	  340.0	.
11561702	  958.6	  569.8	  340.0	.
11561704	  959.2	  569.7	  340.0	.
11561706	  959.3	  570.1	  340.0	.
11561708	  959.2	  570.0	  340.0	.
11561710	  959.1	  570.6	  340.0	.
11561712	  959.3	  571.4	  341.0	.
11561714	  959.1	  570.6	  341.0	.
11561716	  958.5	  571.2	  341.0	.
11561718	  958.1	  571.1	  342.0	.
11561720	  958.1	  571.2	  344.0	.
11561722	  958.0	  570.7	  346.0	.
11561724	  957.5	  570.8	  346.0	.
11561726	  956.8	  569.9	  342.0	.
11561728	  957.5	  570.0	  342.0	.
11561730	  958.0	  569.4	  341.0	.
11561732	  957.8	  569.6	  341.0	.
11561734	  957.6	  569.4	  340.0	.
11561736	  957.8	  569.4	  340.0	.
11561738	  957.6	  570.3	  340.0	.
11561740	  957.9	  570.1	  340.0	.
11561742	  957.7	  569.9	  340.0	.
11561744	  957.5	  570.1	  340.0	.
11561746	  957.5	  570.2	  341.0	.
11561748	  957.8	  570.1	  342.0	.
11561750	  957.7	  570.6	  342.0	.
11561752	  957.5	  571.1	  341.0	.
11561754	  957.9	  572.1	  341.0	.
11561756	  957.8	  572.3	  342.0	.
11561758	  957.9	  572.4	  342.0	.
11561760	  958.6	  574.5	  342.0	.
11561762	  958.0	  573.9	  342.0	.
11561764	  957.9	  573.4	  342.0	.
11561766	  957.9	  573.0	  342.0	.
11561768	  958.4	  572.8	  343.0	.
11561770	  959.5	  572.4	  343.0	.
11561772	  960.0	  572.5	  342.0	.
11561774	  960.1	  571.5	  342.0	.
11561776	  960.2	  571.1	  343.0	.
11561778	  959.6	  570.9	  343.0	.
11561780	  960.0	  570.7	  343.0	.
11561782	  960.6	  570.4	  344.0	.
11561784	  960.7	  570.1	  343.0	.
11561786	  961.0	  569.9	  343.0	.
11561788	  960.8	  569.7	  343.0	.
11561790	  961.8	  569.8	  344.0	.
11561792	  962.6	  569.5	  344.0	.
11561794	  961.3	  569.1	  345.0	.
11561796	  959.9	  569.1	  345.0	.
11561798	  960.1	  568.3	  345.0	.
11561800	  959.8	  568.2	  345.0	.
11561802	  959.6	  568.0	  345.0	.
11561804	  960.0	  568.0	  345.0	.
11561806	  960.5	  568.3	  345.0	.
11561808	  961.7	  568.7	  345.0	.
11561810	  961.8	  568.5	  350.0	.
11561812	  961.9	  568.2	  350.0	.
11561814	  962.3	  567.9	  351.0	.
EFIX L   11561192	11561814	624	  964.5	  576.4	    345
SSACC L  11561816
11561816	  962.7	  568.3	  350.0	.
11561818	  965.7	  566.6	  351.0	.
11561820	  967.6	  564.9	  352.0	.
11561822	  977.8	  564.4	  351.0	.
11561824	  988.4	  564.3	  349.0	.
11561826	 1004.9	  564.2	  346.0	.
11561828	 1013.4	  563.3	  346.0	.
11561830	 1021.6	  563.1	  347.0	.
11561832	 1027.2	  562.9	  348.0	.
11561834	 1035.5	  562.7	  349.0	.
11561836	 1042.6	  564.1	  349.0	.
11561838	 1043.8	  565.5	  349.0	.
ESACC L  11561816	11561838	24	  962.7	  568.3	 1042.6	  564.1	   2.00	    143
SFIX L   11561840
11561840	 1044.9	  566.3	  350.0	.
11561842	 1045.1	  567.1	  348.0	.
11561844	 1044.9	  567.8	  349.0	.
11561846	 1044.7	  567.6	  350.0	.
11561848	 1044.4	  568.4	  350.0	.
11561850	 1043.9	  568.2	  351.0	.
11561852	 1042.7	  568.4	  351.0	.
11561854	 1042.7	  568.5	  351.0	.
11561856	 1042.8	  568.9	  351.0	.
11561858	 1041.9	  567.2	  349.0	.
11561860	 1041.5	  565.5	  348.0	.
11561862	 1041.5	  565.9	  348.0	.
11561864	 1041.0	  566.3	  349.0	.
11561866	 1040.5	  567.6	  349.0	.
11561868	 1040.7	  569.0	  350.0	.
11561870	 1041.0	  569.0	  355.0	.
11561872	 1040.8	  568.5	  355.0	.
11561874	 1041.2	  569.8	  353.0	.
11561876	 1041.0	  569.8	  353.0	.
11561878	 1041.2	  569.3	  353.0	.
11561880	 1040.9	  568.8	  352.0	.
11561882	 1040.6	  568.2	  352.0	.
11561884	 1039.9	  567.7	  353.0	.
11561886	 1040.2	  567.8	  354.0	.
11561888	 1039.7	  566.0	  354.0	.
11561890	 1039.0	  564.3	  354.0	.
11561892	 1038.5	  566.5	  354.0	.
11561894	 1037.5	  565.5	  354.0	.
11561896	 1038.0	  564.5	  351.0	.
11561898	 1038.8	  565.6	  351.0	.
11561900	 1039.0	  566.7	  351.0	.
11561902	 1038.8	  566.5	  354.0	.
11561904	 1039.2	  568.1	  354.0	.
11561906	 1038.8	  566.7	  356.0	.
11561908	 1038.6	  565.1	  357.0	.
11561910	 1038.6	  566.0	  358.0	.
11561912	 1037.4	  566.0	  360.0	.
11561914	 1037.4	  566.0	  363.0	.
11561916	 1037.4	  565.0	  363.0	.
11561918	 1037.4	  565.8	  362.0	.
11561920	 1037.6	  566.6	  362.0	.
11561922	 1038.3	  566.7	  362.0	.
11561924	 1039.1	  566.7	  362.0	.
11561926	 1039.5	  567.1	  359.0	.
11561928	 1039.5	  567.4	  357.0	.
11561930	 1039.9	  567.6	  356.0	.
11561932	 1039.3	  567.7	  356.0	.
11561934	 1038.8	  568.3	  356.0	.
11561936	 1038.9	  568.6	  356.0	.
11561938	 1039.1	  569.0	  356.0	.
11561940	 1039.0	  569.1	  356.0	.
11561942	 1039.0	  569.5	  356.0	.
11561944	 1039.7	  569.7	  356.0	.
11561946	 1039.3	  570.2	  357.0	.
11561948	 1038.9	  570.4	  357.0	.
11561950	 1038.5	  570.2	  356.0	.
11561952	 1039.2	  571.7	  356.0	.
11561954	 1039.3	  573.4	  356.0	.
11561956	 1039.2	  573.1	  356.0	.
11561958	 1039.2	  573.2	  355.0	.
11561960	 1038.7	  572.8	  355.0	.
11561962	 1038.2	  572.7	  356.0	.
11561964	 1038.6	  574.2	  356.0	.
11561966	 1038.9	  575.8	  356.0	.
11561968	 1040.1	  576.5	  354.0	.
11561970	 1039.9	  575.8	  354.0	.
11561972	 1039.9	  575.9	  354.0	.
11561974	 1040.0	  576.2	  354.0	.
11561976	 1040.2	  576.6	  354.0	.
11561978	 1040.5	  576.7	  355.0	.
11561980	 1040.1	  576.7	  355.0	.
11561982	 1040.4	  576.8	  356.0	.
11561984	 1039.7	  576.6	  356.0	.
11561986	 1039.2	  576.5	  356.0	.
11561988	 1039.2	  576.8	  355.0	.
11561990	 1039.3	  577.3	  355.0	.
11561992	 1039.3	  577.1	  354.0	.
11561994	 1039.4	  577.3	  355.0	.
11561996	 1039.6	  577.1	  354.0	.
11561998	 1039.3	  576.9	  355.0	.
11562000	 1039.5	  576.7	  356.0	.
11562002	 1039.5	  576.7	  356.0	.
11562004	 1039.5	  576.6	  356.0	.
11562006	 1039.6	  576.8	  357.0	.
11562008	 1039.4	  575.8	  357.0	.
11562010	 1039.3	  575.0	  357.0	.
11562012	 1039.3	  573.0	  358.0	.
11562014	 1039.4	  573.5	  358.0	.
11562016	 1039.4	  573.5	  359.0	.
11562018	 1039.7	  573.6	  359.0	.
11562020	 1039.3	  575.1	  359.0	.
11562022	 1039.9	  576.7	  359.0	.
11562024	 1039.4	  575.9	  359.0	.
11562026	 1039.2	  575.2	  358.0	.
11562028	 1039.5	  575.9	  357.0	.
11562030	 1039.0	  575.7	  356.0	.
11562032	 1038.8	  575.4	  356.0	.
11562034	 1038.9	  575.4	  356.0	.
11562036	 1038.9	  575.4	  355.0	.
11562038	 1039.1	  575.1	  355.0	.
11562040	 1039.5	  575.6	  355.0	.
11562042	 1039.0	  574.5	  356.0	.
11562044	 1039.6	  574.8	  356.0	.
11562046	 1039.7	  575.3	  355.0	.
11562048	 1040.1	  577.1	  355.0	.
11562050	 1040.3	  577.8	  355.0	.
11562052	 1040.3	  577.6	  355.0	.
11562054	 1040.5	  577.8	  355.0	.
11562056	 1040.2	  577.4	  355.0	.
11562058	 1040.4	  577.1	  355.0	.
11562060	 1040.6	  577.2	  355.0	.
11562062	 1040.6	  577.0	  355.0	.
11562064	 1040.5	  576.8	  355.0	.
11562066	 1040.5	  576.3	  355.0	.
11562068	 1039.6	  575.2	  355.0	.
11562070	 1038.8	  574.1	  355.0	.
EFIX L   11561840	11562070	232	 1039.9	  571.7	    355
SSACC L  11562072
11562072	 1038.8	  574.5	  355.0	.
11562074	 1038.8	  574.9	  355.0	.
11562076	 1033.7	  576.5	  355.0	.
11562078	 1023.7	  577.4	  355.0	.
11562080	 1010.9	  579.3	  355.0	.
11562082	  997.4	  580.3	  355.0	.
11562084	  984.1	  581.3	  354.0	.
11562086	  968.5	  581.9	  354.0	.
11562088	  959.8	  582.6	  355.0	.
11562090	  941.7	  582.7	  355.0	.
11562092	  933.4	  583.0	  355.0	.
11562094	  919.9	  586.1	  355.0	.
11562096	  915.3	  586.3	  355.0	.
11562098	  906.0	  586.4	  355.0	.
11562100	  890.5	  586.4	  355.0	.
11562102	  880.4	  590.9	  355.0	.
11562104	  863.3	  592.3	  355.0	.
11562106	  855.8	  593.4	  359.0	.
11562108	  835.2	  593.6	  360.0	.
11562110	  816.7	  594.0	  360.0	.
11562112	  808.2	  597.2	  360.0	.
11562114	  793.4	  598.2	  361.0	.
11562116	  775.7	  599.1	  361.0	.
11562118	  759.3	  601.5	  361.0	.
11562120	  753.6	  601.3	  361.0	.
11562122	  747.8	  600.8	  359.0	.
11562124	  733.2	  600.4	  359.0	.
11562126	  723.8	  600.0	  358.0	.
11562128	  707.2	  599.4	  358.0	.
11562130	  703.3	  599.1	  358.0	.
11562132	  696.4	  592.0	  356.0	.
11562134	  687.1	  591.7	  355.0	.
ESACC L  11562072	11562134	64	 1038.8	  574.5	  696.4	  592.0	   8.58	    188
SFIX L   11562136
11562136	  681.0	  591.5	  353.0	.
11562138	  675.4	  586.3	  353.0	.
11562140	  671.7	  585.8	  353.0	.
11562142	  671.7	  585.4	  352.0	.
11562144	  671.6	  583.3	  352.0	.
11562146	  672.2	  581.4	  352.0	.
11562148	  672.2	  579.2	  353.0	.
11562150	  672.3	  578.5	  354.0	.
11562152	  672.6	  579.0	  355.0	.
11562154	  672.1	  578.5	  355.0	.
11562156	  671.8	  578.0	  355.0	.
11562158	  672.4	  578.1	  355.0	.
11562160	  673.1	  578.1	  354.0	.
11562162	  672.3	  578.0	  354.0	.
11562164	  671.7	  578.6	  354.0	.
11562166	  671.7	  579.2	  354.0	.
11562168	  671.7	  577.8	  354.0	.
11562170	  670.4	  576.4	  354.0	.
11562172	  670.2	  576.9	  353.0	.
11562174	  670.0	  576.6	  353.0	.
11562176	  670.3	  577.2	  353.0	.
11562178	  670.3	  577.2	  353.0	.
11562180	  670.5	  576.8	  352.0	.
11562182	  670.3	  576.9	  352.0	.
11562184	  670.8	  576.9	  352.0	.
11562186	  670.4	  576.3	  352.0	.
11562188	  670.3	  576.9	  353.0	.
11562190	  670.8	  577.7	  353.0	.
11562192	  670.2	  578.5	  355.0	.
11562194	  670.3	  578.6	  355.0	.
11562196	  669.8	  578.6	  355.0	.
11562198	  669.1	  577.3	  354.0	.
11562200	  669.1	  577.2	  354.0	.
11562202	  669.7	  577.3	  354.0	.
11562204	  670.1	  577.5	  355.0	.
11562206	  670.4	  577.8	  356.0	.
11562208	  670.5	  578.8	  357.0	.
11562210	  670.5	  579.1	  357.0	.
11562212	  670.7	  579.1	  358.0	.
11562214	  669.8	  578.7	  356.0	.
11562216	  670.9	  580.0	  355.0	.
11562218	  670.7	  579.1	  355.0	.
11562220	  670.7	  578.6	  355.0	.
11562222	  669.7	  578.7	  354.0	.
11562224	  669.7	  578.7	  354.0	.
11562226	  669.9	  577.7	  354.0	.
11562228	  670.0	  578.5	  354.0	.
11562230	  670.7	  577.7	  354.0	.
11562232	  671.4	  577.3	  354.0	.
11562234	  670.7	  577.1	  353.0	.
11562236	  670.1	  577.3	  353.0	.
11562238	  669.3	  577.7	  354.0	.
11562240	  669.1	  578.4	  354.0	.
11562242	  669.2	  579.1	  355.0	.
11562244	  669.3	  579.2	  355.0	.
11562246	  669.3	  579.2	  353.0	.
11562248	  669.2	  579.2	  352.0	.
11562250	  669.1	  581.1	  352.0	.
11562252	  668.9	  580.6	  353.0	.
11562254	  668.7	  581.4	  353.0	.
11562256	  668.7	  581.3	  353.0	.
11562258	  668.6	  581.0	  353.0	.
11562260	  667.9	  580.9	  353.0	.
11562262	  667.9	  580.7	  354.0	.
11562264	  667.4	  580.4	  357.0	.
11562266	  668.7	  580.3	  357.0	.
11562268	  668.6	  580.0	  356.0	.
11562270	  669.0	  579.5	  356.0	.
11562272	  668.2	  579.9	  355.0	.
11562274	  668.0	  580.1	  355.0	.
11562276	  668.4	  579.9	  356.0	.
11562278	  668.6	  579.9	  356.0	.
11562280	  668.5	  578.9	  355.0	.
11562282	  668.5	  579.0	  355.0	.
11562284	  667.1	  578.8	  355.0	.
11562286	  667.0	  578.5	  355.0	.
11562288	  667.2	  578.1	  353.0	.
11562290	  667.4	  578.8	  353.0	.
11562292	  667.7	  578.1	  353.0	.
11562294	  667.7	  577.5	  354.0	.
11562296	  667.8	  577.6	  354.0	.
11562298	  667.6	  576.8	  354.0	.
11562300	  667.3	  575.9	  355.0	.
11562302	  666.0	  576.2	  355.0	.
11562304	  666.0	  576.5	  355.0	.
11562306	  666.0	  576.3	  356.0	.
11562308	  666.0	  577.4	  358.0	.
11562310	  666.6	  578.6	  358.0	.
11562312	  666.5	  578.7	  358.0	.
11562314	  667.5	  578.5	  358.0	.
11562316	  667.6	  578.4	  358.0	.
11562318	  667.5	  577.9	  358.0	.
11562320	  667.8	  577.7	  358.0	.
11562322	  667.9	  578.0	  358.0	.
11562324	  668.0	  578.4	  358.0	.
11562326	  667.8	  578.5	  357.0	.
11562328	  667.8	  578.8	  357.0	.
11562330	  667.8	  578.8	  357.0	.
11562332	  667.8	  577.9	  356.0	.
11562334	  668.3	  577.1	  355.0	.
11562336	  668.0	  578.0	  355.0	.
11562338	  668.3	  576.8	  355.0	.
11562340	  668.1	  578.2	  355.0	.
11562342	  668.8	  579.7	  355.0	.
11562344	  668.5	  578.5	  355.0	.
11562346	  668.9	  578.6	  355.0	.
11562348	  668.5	  577.7	  355.0	.
11562350	  669.0	  578.0	  355.0	.
11562352	  669.5	  577.7	  354.0	.
11562354	  669.3	  577.4	  353.0	.
11562356	  669.8	  577.3	  354.0	.
11562358	  670.3	  577.4	  356.0	.
11562360	  670.0	  576.1	  355.0	.
11562362	  669.9	  576.6	  355.0	.
11562364	  669.9	  577.1	  356.0	.
11562366	  669.7	  576.7	  355.0	.
11562368	  669.8	  577.0	  357.0	.
11562370	  669.8	  576.9	  357.0	.
11562372	  669.7	  576.9	  356.0	.
11562374	  669.5	  577.0	  357.0	.
11562376	  669.1	  576.0	  358.0	.
11562378	  669.0	  575.0	  358.0	.
11562380	  668.9	  575.1	  358.0	.
11562382	  669.3	  575.0	  358.0	.
11562384	  669.6	  575.2	  358.0	.
11562386	  670.6	  575.2	  357.0	.
11562388	  670.7	  575.7	  358.0	.
11562390	  670.5	  575.8	  357.0	.
11562392	  671.2	  575.9	  357.0	.
11562394	  670.9	  575.9	  357.0	.
11562396	  671.2	  576.0	  357.0	.
11562398	  671.1	  575.9	  357.0	.
11562400	  671.0	  576.0	  359.0	.
11562402	  670.5	  575.2	  361.0	.
11562404	  670.6	  574.6	  363.0	.
11562406	  670.4	  573.3	  363.0	.
11562408	  670.1	  572.1	  362.0	.
11562410	  669.8	  572.7	  361.0	.
11562412	  669.7	  573.4	  361.0	.
11562414	  670.0	  572.6	  361.0	.
11562416	  670.3	  573.2	  362.0	.
11562418	  670.9	  572.9	  362.0	.
11562420	  670.4	  573.0	  362.0	.
11562422	  670.4	  573.0	  361.0	.
11562424	  670.3	  572.2	  361.0	.
11562426	  670.1	  571.9	  360.0	.
11562428	  669.8	  572.1	  360.0	.
11562430	  670.5	  572.1	  360.0	.
11562432	  670.3	  572.3	  360.0	.
11562434	  670.5	  572.5	  360.0	.
11562436	  670.6	  572.5	  361.0	.
11562438	  670.6	  572.5	  361.0	.
11562440	  670.5	  572.5	  361.0	.
11562442	  670.4	  572.1	  359.0	.
11562444	  669.9	  572.6	  359.0	.
11562446	  671.7	  572.9	  359.0	.
EFIX L   11562136	11562446	312	  669.7	  577.6	    356
SSACC L  11562448
11562448	  673.4	  573.2	  360.0	.
11562450	  677.0	  571.8	  360.0	.
11562452	  687.4	  572.0	  361.0	.
11562454	  696.9	  572.2	  362.0	.
11562456	  715.2	  572.2	  362.0	.
11562458	  728.7	  572.0	  363.0	.
11562460	  749.1	  571.8	  363.0	.
11562462	  764.8	  571.5	  362.0	.
11562464	  781.9	  571.0	  363.0	.
11562466	  796.4	  570.4	  364.0	.
11562468	  811.7	  569.9	  364.0	.
11562470	  831.8	  569.1	  364.0	.
11562472	  846.2	  565.8	  368.0	.
11562474	  862.7	  561.0	  368.0	.
11562476	  879.0	  561.4	  368.0	.
11562478	  891.7	  561.2	  369.0	.
11562480	  908.0	  561.5	  369.0	.
11562482	  920.5	  561.7	  369.0	.
11562484	  931.5	  561.2	  369.0	.
11562486	  943.4	  561.2	  369.0	.
11562488	  952.8	  561.2	  369.0	.
11562490	  962.6	  560.9	  369.0	.
11562492	  972.2	  561.7	  369.0	.
11562494	  983.1	  562.5	  368.0	.
11562496	  995.6	  563.0	  368.0	.
11562498	 1002.9	  563.0	  368.0	.
11562500	 1013.6	  563.1	  368.0	.
11562502	 1026.4	  561.7	  369.0	.
11562504	 1031.8	  557.5	  371.0	.
11562506	 1041.4	  555.7	  371.0	.
11562508	 1048.0	  550.3	  371.0	.
11562510	 1055.8	  549.3	  372.0	.
11562512	 1064.9	  547.9	  372.0	.
11562514	 1069.1	  546.4	  372.0	.
ESACC L  11562448	11562514	68	  673.4	  573.2	 1064.9	  547.9	   9.80	    213
SFIX L   11562516
11562516	 1072.2	  538.9	  372.0	.
11562518	 1074.9	  536.2	  372.0	.
11562520	 1075.3	  529.4	  371.0	.
11562522	 1077.7	  529.7	  371.0	.
11562524	 1077.6	  528.0	  371.0	.
11562526	 1082.5	  530.5	  364.0	.
11562528	 1080.9	  530.4	  363.0	.
11562530	 1080.6	  530.3	  364.0	.
11562532	 1081.0	  531.0	  363.0	.
11562534	 1081.3	  531.1	  363.0	.
11562536	 1082.0	  531.0	  363.0	.
11562538	 1082.8	  530.9	  363.0	.
11562540	 1084.9	  530.1	  363.0	.
11562542	 1085.6	  531.4	  364.0	.
11562544	 1085.9	  532.6	  365.0	.
11562546	 1086.6	  535.3	  368.0	.
11562548	 1088.0	  535.2	  368.0	.
11562550	 1089.8	  536.2	  368.0	.
11562552	 1090.0	  537.2	  367.0	.
11562554	 1089.9	  537.5	  367.0	.
11562556	 1089.6	  536.6	  367.0	.
11562558	 1088.9	  537.9	  366.0	.
11562560	 1085.2	  537.6	  367.0	.
11562562	 1081.6	  537.6	  366.0	.
11562564	 1078.5	  537.6	  366.0	.
11562566	 1075.1	  537.8	  366.0	.
11562568	 1074.6	  540.6	  366.0	.
11562570	 1073.8	  541.0	  366.0	.
11562572	 1072.5	  541.3	  367.0	.
11562574	 1071.5	  543.0	  368.0	.
11562576	 1069.8	  544.6	  368.0	.
11562578	 1070.0	  546.6	  369.0	.
11562580	 1070.1	  548.6	  372.0	.
11562582	 1063.4	  548.8	  372.0	.
11562584	 1063.6	  549.0	  372.0	.
11562586	 1063.1	  549.1	  373.0	.
11562588	 1062.5	  549.2	  373.0	.
11562590	 1061.6	  550.8	  374.0	.
11562592	 1060.9	  552.4	  374.0	.
11562594	 1060.0	  552.7	  374.0	.
11562596	 1057.8	  552.7	  374.0	.
11562598	 1055.6	  552.7	  374.0	.
11562600	 1050.8	  554.0	  375.0	.
11562602	 1050.8	  554.7	  375.0	.
11562604	 1045.7	  555.3	  375.0	.
11562606	 1042.7	  555.4	  375.0	.
11562608	 1042.5	  555.5	  375.0	.
11562610	 1042.7	  556.8	  375.0	.
11562612	 1042.6	  558.0	  375.0	.
11562614	 1043.1	  561.7	  373.0	.
11562616	 1042.8	  563.0	  371.0	.
11562618	 1043.0	  564.3	  368.0	.
11562620	 1043.3	  566.0	  368.0	.
11562622	 1043.8	  567.6	  368.0	.
11562624	 1043.9	  567.8	  368.0	.
11562626	 1044.0	  568.0	  368.0	.
11562628	 1043.9	  568.5	  367.0	.
11562630	 1043.6	  567.7	  367.0	.
11562632	 1042.8	  567.4	  368.0	.
11562634	 1042.7	  567.3	  368.0	.
11562636	 1043.0	  568.0	  368.0	.
11562638	 1043.3	  568.2	  368.0	.
11562640	 1043.2	  568.3	  368.0	.
11562642	 1044.5	  569.2	  368.0	.
11562644	 1045.0	  569.9	  368.0	.
11562646	 1045.7	  571.3	  371.0	.
11562648	 1046.8	  572.6	  371.0	.
11562650	 1047.8	  572.6	  369.0	.
11562652	 1051.3	  575.9	  369.0	.
11562654	 1051.9	  577.5	  369.0	.
11562656	 1051.6	  577.9	  369.0	.
11562658	 1052.9	  578.4	  369.0	.
11562660	 1054.2	  578.7	  369.0	.
11562662	 1056.9	  578.6	  370.0	.
EFIX L   11562516	11562662	148	 1063.1	  550.8	    369
SSACC L  11562664
11562664	 1057.7	  578.3	  371.0	.
11562666	 1059.7	  585.1	  371.0	.
11562668	 1062.9	  591.8	  363.0	.
11562670	 1067.3	  606.0	  355.0	.
11562672	 1075.6	  642.1	  322.0	.
11562674	 1080.6	  666.9	  291.0	.
11562676	 1086.5	  697.4	  273.0	.
11562678	 1092.6	  717.4	  257.0	.
11562680	 1108.3	  745.0	  234.0	.
11562682	 1112.3	  751.9	  228.0	I
11562684	 1116.3	  758.8	  222.0	.
11562686	 1120.2	  765.8	  216.0	I
11562688	 1124.2	  772.7	  211.0	.
SBLINK L 11562690
11562690	   .	   .	    0.0	I
11562692	   .	   .	    0.0	.
11562694	   .	   .	    0.0	I
11562696	   .	   .	    0.0	.
11562698	   .	   .	    0.0	I
11562700	   .	   .	    0.0	.
11562702	   .	   .	    0.0	I
11562704	   .	   .	    0.0	.
11562706	   .	   .	    0.0	I
11562708	   .	   .	    0.0	.
11562710	   .	   .	    0.0	I
11562712	   .	   .	    0.0	.
11562714	   .	   .	    0.0	I
11562716	   .	   .	    0.0	.
11562718	   .	   .	    0.0	I
11562720	   .	   .	    0.0	.
11562722	   .	   .	    0.0	I
11562724	   .	   .	    0.0	.
11562726	   .	   .	    0.0	I
11562728	   .	   .	    0.0	.
11562730	   .	   .	    0.0	I
11562732	   .	   .	    0.0	.
11562734	   .	   .	    0.0	I
11562736	   .	   .	    0.0	.
11562738	   .	   .	    0.0	I
11562740	   .	   .	    0.0	.
11562742	   .	   .	    0.0	I
11562744	   .	   .	    0.0	.
11562746	   .	   .	    0.0	I
11562748	   .	   .	    0.0	.
11562750	   .	   .	    0.0	I
11562752	   .	   .	    0.0	.
11562754	   .	   .	    0.0	I
11562756	   .	   .	    0.0	.
11562758	   .	   .	    0.0	I
11562760	   .	   .	    0.0	.
11562762	   .	   .	    0.0	I
11562764	   .	   .	    0.0	.
11562766	   .	   .	    0.0	I
11562768	   .	   .	    0.0	.
11562770	   .	   .	    0.0	I
11562772	   .	   .	    0.0	.
11562774	   .	   .	    0.0	I
11562776	   .	   .	    0.0	.
11562778	   .	   .	    0.0	I
11562780	   .	   .	    0.0	.
11562782	   .	   .	    0.0	I
11562784	   .	   .	    0.0	.
11562786	   .	   .	    0.0	I
11562788	   .	   .	    0.0	.
11562790	   .	   .	    0.0	I
11562792	   .	   .	    0.0	.
EBLINK L 11562690	11562792	104
11562794	  934.0	  743.4	  188.0	I
11562796	  933.9	  743.3	  188.0	.
11562798	  934.7	  741.4	  190.0	I
11562800	  935.4	  739.5	  193.0	.
11562802	  937.4	  739.9	  191.0	.
11562804	  938.3	  736.4	  195.0	.
11562806	  938.6	  729.3	  203.0	.
11562808	  941.7	  714.7	  219.0	.
11562810	  940.4	  697.5	  229.0	.
11562812	  940.7	  691.6	  230.0	.
11562814	  941.9	  685.8	  238.0	.
11562816	  938.9	  664.9	  255.0	.
11562818	  938.9	  655.4	  266.0	.
11562820	  936.1	  640.3	  281.0	.
11562822	  934.2	  633.5	  291.0	.
11562824	  931.3	  622.1	  302.0	.
11562826	  929.6	  614.8	  318.0	.
11562828	  929.1	  609.2	  323.0	.
11562830	  926.8	  592.7	  331.0	.
11562832	  925.1	  584.1	  332.0	.
11562834	  923.5	  577.0	  334.0	.
11562836	  922.2	  568.3	  354.0	.
11562838	  919.7	  552.7	  355.0	.
11562840	  920.6	  552.0	  357.0	.
11562842	  920.7	  551.2	  361.0	.
11562844	  920.1	  544.9	  363.0	.
11562846	  918.6	  538.5	  365.0	.
11562848	  917.6	  529.4	  370.0	.
11562850	  917.3	  527.9	  374.0	.
11562852	  917.2	  527.4	  379.0	.
11562854	  917.0	  527.2	  380.0	.
ESACC L  11562664	11562854	192	 1057.7	  578.3	  917.2	  527.4	   3.81	    384
SFIX L   11562856
11562856	  914.7	  530.8	  382.0	.
11562858	  912.1	  532.4	  382.0	.
11562860	  912.3	  534.1	  382.0	.
11562862	  912.4	  534.8	  382.0	.
11562864	  912.2	  535.6	  382.0	.
11562866	  912.9	  535.8	  382.0	.
11562868	  913.0	  536.1	  383.0	.
11562870	  913.0	  536.2	  385.0	.
11562872	  913.6	  534.9	  385.0	.
11562874	  914.3	  534.7	  386.0	.
11562876	  914.7	  535.2	  386.0	.
11562878	  918.2	  535.7	  386.0	.
11562880	  919.0	  536.3	  387.0	.
11562882	  919.8	  536.8	  387.0	.
11562884	  920.8	  537.7	  388.0	.
11562886	  921.0	  538.5	  387.0	.
11562888	  921.1	  539.1	  389.0	.
11562890	  921.1	  539.5	  388.0	.
11562892	  921.9	  539.7	  389.0	.
11562894	  921.9	  539.8	  388.0	.
11562896	  922.2	  542.2	  388.0	.
11562898	  922.0	  541.9	  388.0	.
11562900	  922.1	  542.5	  389.0	.
11562902	  922.0	  541.8	  390.0	.
11562904	  922.6	  541.9	  389.0	.
11562906	  922.0	  541.9	  389.0	.
11562908	  921.5	  542.7	  389.0	.
11562910	  921.4	  542.5	  390.0	.
11562912	  921.6	  543.5	  390.0	.
11562914	  921.8	  544.4	  390.0	.
11562916	  921.8	  544.6	  390.0	.
11562918	  921.8	  544.8	  390.0	.
11562920	  921.8	  545.2	  393.0	.
11562922	  921.9	  545.5	  396.0	.
11562924	  922.1	  545.9	  398.0	.
11562926	  923.2	  547.4	  398.0	.
11562928	  924.4	  548.1	  399.0	.
11562930	  924.7	  548.8	  399.0	.
11562932	  924.2	  548.6	  399.0	.
11562934	  924.3	  548.7	  394.0	.
11562936	  924.3	  548.0	  394.0	.
11562938	  925.1	  548.8	  394.0	.
11562940	  924.9	  549.6	  394.0	.
11562942	  924.7	  549.7	  394.0	.
11562944	  924.9	  549.4	  394.0	.
11562946	  925.4	  550.2	  394.0	.
11562948	  926.6	  551.1	  396.0	.
11562950	  926.6	  552.0	  397.0	.
11562952	  927.2	  552.9	  397.0	.
11562954	  927.5	  552.9	  396.0	.
11562956	  927.7	  552.7	  397.0	.
11562958	  927.3	  553.6	  398.0	.
11562960	  927.2	  553.3	  398.0	.
11562962	  927.5	  553.2	  397.0	.
11562964	  927.7	  553.3	  397.0	.
11562966	  927.8	  553.4	  396.0	.
11562968	  927.8	  553.5	  396.0	.
11562970	  927.7	  554.6	  396.0	.
11562972	  928.9	  555.1	  396.0	.
11562974	  929.5	  555.1	  397.0	.
11562976	  929.8	  555.2	  397.0	.
11562978	  930.3	  555.3	  397.0	.
11562980	  930.2	  555.1	  397.0	.
11562982	  930.5	  555.7	  397.0	.
11562984	  930.4	  556.0	  397.0	.
11562986	  930.8	  556.1	  397.0	.
11562988	  931.0	  555.8	  396.0	.
11562990	  931.4	  556.3	  396.0	.
11562992	  931.3	  556.0	  396.0	.
11562994	  931.6	  555.7	  397.0	.
11562996	  931.6	  555.4	  397.0	.
11562998	  931.7	  555.2	  397.0	.
11563000	  931.5	  556.0	  398.0	.
11563002	  931.5	  556.9	  399.0	.
11563004	  931.6	  555.2	  400.0	.
11563006	  930.9	  553.6	  401.0	.
11563008	  931.0	  553.8	  401.0	.
11563010	  931.3	  553.5	  401.0	.
11563012	  930.9	  553.7	  401.0	.
11563014	  931.1	  554.1	  401.0	.
11563016	  930.9	  553.8	  401.0	.
11563018	  931.1	  554.3	  401.0	.
11563020	  931.5	  554.5	  402.0	.
11563022	  931.9	  553.8	  405.0	.
11563024	  931.9	  554.0	  405.0	.
11563026	  931.9	  554.1	  404.0	.
11563028	  932.0	  554.1	  404.0	.
11563030	  932.3	  554.2	  404.0	.
11563032	  932.3	  554.1	  403.0	.
11563034	  932.5	  554.2	  403.0	.
11563036	  933.0	  554.2	  403.0	.
11563038	  933.7	  554.4	  403.0	.
11563040	  933.6	  553.6	  403.0	.
11563042	  933.7	  553.7	  403.0	.
11563044	  934.1	  553.5	  403.0	.
11563046	  934.4	  552.6	  404.0	.
11563048	  934.0	  553.5	  405.0	.
11563050	  933.8	  553.0	  405.0	.
11563052	  933.9	  553.4	  404.0	.
11563054	  934.1	  554.0	  404.0	.
11563056	  934.7	  552.7	  404.0	.
11563058	  935.5	  553.5	  404.0	.
11563060	  935.5	  553.2	  405.0	.
11563062	  935.6	  554.1	  404.0	.
11563064	  935.6	  553.8	  405.0	.
11563066	  935.6	  554.5	  405.0	.
11563068	  935.9	  554.5	  405.0	.
11563070	  936.2	  554.7	  405.0	.
11563072	  936.0	  554.7	  406.0	.
11563074	  936.3	  554.8	  406.0	.
11563076	  936.4	  553.2	  406.0	.
11563078	  937.4	  553.5	  406.0	.
11563080	  937.4	  553.6	  406.0	.
11563082	  937.7	  553.7	  406.0	.
11563084	  937.6	  553.6	  407.0	.
11563086	  938.0	  553.5	  410.0	.
11563088	  938.0	  552.9	  410.0	.
11563090	  938.1	  553.0	  410.0	.
11563092	  938.1	  553.0	  410.0	.
11563094	  938.0	  552.4	  410.0	.
11563096	  938.3	  552.3	  410.0	.
11563098	  938.2	  552.5	  410.0	.
11563100	  938.0	  551.8	  410.0	.
11563102	  937.9	  551.2	  410.0	.
11563104	  938.3	  551.4	  410.0	.
11563106	  938.4	  550.9	  409.0	.
11563108	  938.5	  551.0	  410.0	.
11563110	  938.5	  550.7	  411.0	.
11563112	  938.3	  550.7	  412.0	.
11563114	  938.3	  550.9	  414.0	.
11563116	  938.7	  551.1	  415.0	.
11563118	  939.2	  551.4	  415.0	.
11563120	  940.5	  551.2	  416.0	.
11563122	  940.4	  551.2	  416.0	.
11563124	  941.2	  551.4	  416.0	.
11563126	  941.0	  551.7	  417.0	.
11563128	  941.6	  551.4	  417.0	.
11563130	  941.2	  552.6	  418.0	.
11563132	  942.0	  553.6	  417.0	.
11563134	  941.1	  553.4	  417.0	.
11563136	  940.2	  553.2	  417.0	.
11563138	  940.5	  553.3	  417.0	.
11563140	  940.1	  553.2	  416.0	.
11563142	  939.9	  553.3	  416.0	.
11563144	  940.3	  555.1	  415.0	.
11563146	  940.4	  555.5	  416.0	.
11563148	  940.5	  555.8	  416.0	.
11563150	  940.6	  556.6	  417.0	.
11563152	  940.8	  555.9	  417.0	.
11563154	  940.0	  555.3	  417.0	.
11563156	  940.2	  555.2	  416.0	.
11563158	  940.3	  555.8	  416.0	.
11563160	  940.4	  555.2	  416.0	.
11563162	  940.1	  555.5	  417.0	.
11563164	  940.4	  555.8	  418.0	.
11563166	  940.5	  555.1	  418.0	.
11563168	  940.7	  554.8	  418.0	.
11563170	  940.9	  554.7	  418.0	.
11563172	  941.4	  554.7	  418.0	.
11563174	  941.3	  553.9	  418.0	.
11563176	  941.2	  553.0	  418.0	.
11563178	  941.0	  552.6	  417.0	.
11563180	  940.9	  552.3	  417.0	.
11563182	  941.0	  552.7	  417.0	.
11563184	  941.0	  552.1	  417.0	.
11563186	  940.9	  551.8	  417.0	.
11563188	  941.1	  551.7	  416.0	.
11563190	  941.0	  551.6	  416.0	.
11563192	  941.1	  552.5	  416.0	.
11563194	  940.9	  553.5	  417.0	.
11563196	  940.9	  554.2	  416.0	.
11563198	  940.9	  554.9	  417.0	.
11563200	  941.2	  554.7	  416.0	.
11563202	  941.6	  555.2	  416.0	.
11563204	  942.2	  555.7	  416.0	.
11563206	  942.8	  557.0	  416.0	.
11563208	  942.9	  556.8	  416.0	.
11563210	  942.9	  557.3	  416.0	.
11563212	  943.1	  557.9	  418.0	.
11563214	  943.2	  558.1	  420.0	.
11563216	  942.7	  558.3	  420.0	.
11563218	  942.2	  558.7	  419.0	.
11563220	  942.2	  558.8	  418.0	.
11563222	  941.7	  558.9	  417.0	.
11563224	  941.6	  558.7	  417.0	.
11563226	  941.6	  559.2	  417.0	.
11563228	  941.3	  559.7	  417.0	.
11563230	  940.9	  559.9	  417.0	.
11563232	  941.4	  560.1	  414.0	.
11563234	  941.5	  560.6	  414.0	.
11563236	  941.3	  560.4	  414.0	.
11563238	  941.0	  560.3	  413.0	.
11563240	  940.7	  559.6	  413.0	.
11563242	  940.8	  558.4	  410.0	.
11563244	  940.7	  558.1	  410.0	.
11563246	  940.9	  559.3	  410.0	.
11563248	  940.7	  558.5	  409.0	.
11563250	  940.4	  559.4	  409.0	.
11563252	  940.0	  560.2	  410.0	.
11563254	  940.2	  560.4	  410.0	.
11563256	  940.3	  560.4	  409.0	.
11563258	  940.2	  561.2	  408.0	.
11563260	  941.6	  560.5	  406.0	.
11563262	  941.2	  559.7	  406.0	.
11563264	  940.9	  559.1	  406.0	.
11563266	  941.1	  559.3	  406.0	.
11563268	  941.3	  559.5	  403.0	.
11563270	  941.0	  559.5	  403.0	.
11563272	  940.7	  560.2	  402.0	.
11563274	  940.6	  560.0	  402.0	.
11563276	  940.6	  560.6	  402.0	.
11563278	  940.7	  561.2	  400.0	.
11563280	  940.7	  560.8	  399.0	.
11563282	  941.0	  561.2	  399.0	.
11563284	  941.4	  561.5	  399.0	.
11563286	  941.9	  561.6	  399.0	.
11563288	  942.5	  561.8	  400.0	.
11563290	  942.1	  562.2	  401.0	.
11563292	  941.5	  561.9	  401.0	.
11563294	  941.7	  563.1	  401.0	.
11563296	  942.4	  564.3	  401.0	.
11563298	  942.4	  564.1	  401.0	.
11563300	  942.4	  564.0	  399.0	.
11563302	  942.1	  564.4	  398.0	.
11563304	  942.6	  565.0	  397.0	.
11563306	  942.4	  564.6	  396.0	.
11563308	  943.2	  565.5	  396.0	.
11563310	  942.8	  566.2	  396.0	.
11563312	  942.5	  567.1	  397.0	.
11563314	  942.1	  567.4	  398.0	.
11563316	  941.6	  567.3	  398.0	.
11563318	  941.3	  567.4	  399.0	.
11563320	  941.4	  567.5	  399.0	.
11563322	  941.3	  567.9	  396.0	.
11563324	  942.6	  568.5	  395.0	.
11563326	  943.7	  568.6	  395.0	.
11563328	  943.5	  568.7	  394.0	.
11563330	  944.3	  569.2	  393.0	.
11563332	  944.1	  568.8	  391.0	.
11563334	  943.8	  568.8	  390.0	.
11563336	  943.8	  568.9	  390.0	.
11563338	  944.0	  567.6	  387.0	.
11563340	  943.9	  567.9	  387.0	.
11563342	  944.0	  568.1	  387.0	.
11563344	  944.3	  568.7	  387.0	.
11563346	  943.6	  569.3	  386.0	.
11563348	  944.6	  572.1	  385.0	.
11563350	  944.5	  571.6	  384.0	.
11563352	  944.4	  571.9	  384.0	.
11563354	  944.0	  570.7	  384.0	.
11563356	  944.2	  570.6	  383.0	.
11563358	  943.8	  570.5	  381.0	.
11563360	  943.9	  570.0	  382.0	.
11563362	  943.8	  570.6	  382.0	.
11563364	  944.1	  570.1	  382.0	.
11563366	  943.7	  569.6	  382.0	.
11563368	  944.3	  570.9	  382.0	.
11563370	  944.8	  570.9	  382.0	.
11563372	  946.0	  570.9	  379.0	.
11563374	  945.8	  571.3	  379.0	.
11563376	  945.9	  571.7	  378.0	.
11563378	  945.4	  572.5	  377.0	.
11563380	  944.6	  571.7	  377.0	.
11563382	  944.5	  571.0	  378.0	.
11563384	  944.0	  569.4	  378.0	.
11563386	  943.9	  570.6	  377.0	.
11563388	  944.0	  571.9	  377.0	.
11563390	  944.6	  572.1	  377.0	.
11563392	  945.1	  572.1	  377.0	.
11563394	  946.3	  572.2	  377.0	.
EFIX L   11562856	11563394	540	  935.5	  555.4	    401
SSACC L  11563396
11563396	  950.2	  572.2	  377.0	.
11563398	  952.8	  569.0	  376.0	.
11563400	  956.9	  568.8	  376.0	.
11563402	  970.1	  568.7	  376.0	.
11563404	  980.2	  567.1	  375.0	.
11563406	  988.5	  565.5	  376.0	.
11563408	 1000.9	  564.6	  377.0	.
11563410	 1003.8	  564.1	  377.0	.
11563412	 1011.9	  563.7	  378.0	.
11563414	 1014.4	  560.9	  379.0	.
ESACC L  11563396	11563414	20	  950.2	  572.2	 1011.9	  563.7	   1.56	    138
SFIX L   11563416
11563416	 1018.8	  560.1	  379.0	.
11563418	 1019.1	  559.3	  379.0	.
11563420	 1018.7	  558.6	  379.0	.
11563422	 1018.2	  558.0	  379.0	.
11563424	 1018.0	  558.6	  378.0	.
11563426	 1017.7	  559.3	  377.0	.
11563428	 1016.3	  559.4	  375.0	.
11563430	 1015.7	  559.6	  375.0	.
11563432	 1015.5	  559.7	  375.0	.
11563434	 1015.3	  559.8	  374.0	.
11563436	 1015.0	  560.8	  374.0	.
11563438	 1015.0	  561.7	  372.0	.
11563440	 1015.3	  561.3	  372.0	.
11563442	 1015.8	  561.6	  372.0	.
11563444	 1016.8	  562.0	  371.0	.
11563446	 1017.1	  562.1	  371.0	.
11563448	 1016.9	  561.8	  370.0	.
11563450	 1017.0	  561.5	  370.0	.
11563452	 1017.0	  561.5	  370.0	.
11563454	 1016.8	  561.5	  369.0	.
11563456	 1016.6	  560.4	  369.0	.
11563458	 1016.6	  560.5	  367.0	.
11563460	 1016.7	  559.8	  367.0	.
11563462	 1016.7	  559.2	  367.0	.
11563464	 1016.9	  559.8	  366.0	.
11563466	 1016.9	  560.3	  366.0	.
11563468	 1017.1	  560.2	  366.0	.
11563470	 1018.8	  561.8	  366.0	.
11563472	 1019.1	  563.4	  364.0	.
11563474	 1018.6	  563.4	  364.0	.
11563476	 1018.6	  563.9	  364.0	.
11563478	 1018.6	  563.8	  363.0	.
11563480	 1018.2	  563.7	  363.0	.
11563482	 1018.2	  563.8	  362.0	.
11563484	 1018.1	  563.3	  362.0	.
11563486	 1018.1	  563.6	  362.0	.
11563488	 1018.2	  563.8	  362.0	.
11563490	 1018.7	  564.8	  361.0	.
11563492	 1018.7	  565.0	  361.0	.
11563494	 1018.8	  565.1	  360.0	.
11563496	 1019.1	  566.7	  360.0	.
11563498	 1019.2	  567.4	  360.0	.
11563500	 1019.6	  568.2	  359.0	.
11563502	 1019.2	  566.5	  359.0	.
11563504	 1019.2	  566.5	  359.0	.
11563506	 1018.8	  566.5	  359.0	.
11563508	 1019.3	  567.0	  360.0	.
11563510	 1019.4	  565.7	  360.0	.
11563512	 1020.3	  565.3	  361.0	.
11563514	 1019.9	  565.0	  361.0	.
11563516	 1019.6	  564.5	  362.0	.
11563518	 1019.3	  564.8	  362.0	.
11563520	 1019.1	  565.1	  361.0	.
11563522	 1018.6	  565.2	  361.0	.
11563524	 1018.5	  564.9	  360.0	.
11563526	 1018.2	  564.7	  359.0	.
11563528	 1019.1	  565.0	  359.0	.
11563530	 1019.1	  564.8	  358.0	.
11563532	 1019.3	  565.1	  358.0	.
11563534	 1019.2	  565.6	  355.0	.
11563536	 1019.3	  565.9	  355.0	.
11563538	 1019.4	  565.9	  355.0	.
11563540	 1019.5	  565.9	  352.0	.
11563542	 1020.1	  566.5	  352.0	.
11563544	 1019.8	  565.0	  351.0	.
11563546	 1020.0	  566.6	  350.0	.
11563548	 1020.3	  567.3	  351.0	.
11563550	 1019.5	  567.3	  352.0	.
11563552	 1019.5	  567.2	  351.0	.
11563554	 1019.9	  568.7	  351.0	.
11563556	 1020.3	  570.2	  352.0	.
11563558	 1019.6	  568.3	  351.0	.
11563560	 1019.6	  568.1	  351.0	.
11563562	 1019.3	  568.9	  351.0	.
11563564	 1019.0	  567.7	  350.0	.
11563566	 1019.2	  568.7	  350.0	.
11563568	 1019.1	  568.8	  351.0	.
11563570	 1019.3	  568.4	  350.0	.
11563572	 1019.3	  569.5	  350.0	.
11563574	 1019.6	  569.1	  350.0	.
11563576	 1019.6	  568.7	  350.0	.
11563578	 1019.5	  569.1	  350.0	.
11563580	 1019.5	  569.6	  350.0	.
11563582	 1018.8	  569.6	  350.0	.
MSG	11563583 DSP: STIM
11563584	 1018.7	  569.4	  350.0	.
11563586	 1018.7	  569.0	  349.0	.
11563588	 1018.4	  568.8	  348.0	.
11563590	 1018.8	  568.8	  348.0	.
11563592	 1018.6	  568.1	  348.0	.
11563594	 1018.5	  567.3	  348.0	.
11563596	 1019.2	  568.3	  348.0	.
11563598	 1019.6	  567.7	  349.0	.
11563600	 1019.0	  567.3	  349.0	.
11563602	 1018.6	  567.5	  349.0	.
11563604	 1018.6	  567.5	  349.0	.
11563606	 1018.6	  567.4	  349.0	.
11563608	 1018.9	  567.4	  349.0	.
11563610	 1019.0	  567.1	  349.0	.
11563612	 1019.7	  566.9	  351.0	.
11563614	 1019.9	  567.7	  352.0	.
11563616	 1020.1	  568.1	  353.0	.
11563618	 1020.1	  568.5	  354.0	.
11563620	 1020.2	  567.9	  354.0	.
11563622	 1019.4	  567.2	  353.0	.
11563624	 1019.0	  567.2	  351.0	.
11563626	 1019.2	  567.4	  350.0	.
11563628	 1018.8	  566.9	  349.0	.
11563630	 1018.7	  567.3	  349.0	.
11563632	 1018.7	  567.7	  349.0	.
11563634	 1018.8	  568.0	  348.0	.
11563636	 1018.6	  567.7	  346.0	.
11563638	 1018.9	  569.0	  346.0	.
11563640	 1018.8	  569.2	  346.0	.
11563642	 1018.6	  569.3	  345.0	.
11563644	 1018.8	  570.1	  345.0	.
11563646	 1018.6	  570.9	  345.0	.
11563648	 1019.1	  571.7	  345.0	.
11563650	 1019.1	  571.9	  345.0	.
11563652	 1019.2	  572.2	  345.0	.
11563654	 1019.0	  571.4	  345.0	.
11563656	 1018.7	  570.7	  345.0	.
11563658	 1019.9	  570.9	  345.0	.
11563660	 1020.8	  569.5	  344.0	.
11563662	 1020.4	  570.2	  344.0	.
11563664	 1019.9	  570.6	  345.0	.
11563666	 1020.0	  570.8	  345.0	.
11563668	 1019.4	  571.6	  344.0	.
11563670	 1018.8	  571.2	  345.0	.
11563672	 1019.7	  570.8	  344.0	.
11563674	 1018.8	  570.6	  345.0	.
11563676	 1018.7	  570.9	  345.0	.
11563678	 1019.3	  571.2	  347.0	.
11563680	 1019.6	  571.2	  347.0	.
11563682	 1020.2	  570.8	  346.0	.
11563684	 1020.3	  570.5	  346.0	.
11563686	 1020.2	  569.6	  345.0	.
11563688	 1020.2	  569.5	  345.0	.
11563690	 1020.0	  569.2	  346.0	.
11563692	 1019.7	  569.3	  346.0	.
11563694	 1018.4	  569.3	  345.0	.
11563696	 1019.4	  568.7	  345.0	.
11563698	 1019.7	  569.5	  345.0	.
11563700	 1019.4	  569.5	  346.0	.
11563702	 1019.2	  569.5	  347.0	.
11563704	 1019.2	  570.4	  347.0	.
11563706	 1019.2	  570.5	  348.0	.
11563708	 1018.1	  570.5	  348.0	.
11563710	 1017.3	  571.9	  347.0	.
EFIX L   11563416	11563710	296	 1018.8	  566.4	    355
SSACC L  11563712
11563712	 1016.2	  571.7	  347.0	.
11563714	 1015.8	  572.7	  348.0	.
11563716	 1013.4	  573.6	  348.0	.
11563718	 1006.6	  575.7	  349.0	.
11563720	  993.1	  576.8	  349.0	.
11563722	  978.7	  580.3	  345.0	.
11563724	  964.6	  583.7	  345.0	.
11563726	  945.6	  587.8	  345.0	.
11563728	  922.6	  587.5	  346.0	.
11563730	  909.0	  595.9	  346.0	.
11563732	  889.2	  595.6	  348.0	.
11563734	  870.0	  599.2	  348.0	.
11563736	  848.1	  604.4	  347.0	.
11563738	  828.8	  605.8	  346.0	.
11563740	  801.9	  606.9	  345.0	.
11563742	  773.2	  620.3	  345.0	.
11563744	  749.1	  619.7	  342.0	.
11563746	  716.7	  618.9	  342.0	.
11563748	  692.2	  632.2	  341.0	.
11563750	  658.6	  630.9	  341.0	.
11563752	  630.1	  632.9	  341.0	.
11563754	  603.7	  635.0	  341.0	.
11563756	  571.1	  634.8	  339.0	.
11563758	  544.5	  637.1	  337.0	.
11563760	  519.6	  634.3	  336.0	.
11563762	  496.5	  631.8	  335.0	.
11563764	  473.1	  628.8	  335.0	.
11563766	  462.6	  628.0	  335.0	.
11563768	  454.1	  627.8	  335.0	.
11563770	  452.2	  628.8	  336.0	.
11563772	  451.2	  628.8	  337.0	.
11563774	  451.9	  629.0	  339.0	.
ESACC L  11563712	11563774	64	 1016.2	  571.7	  451.2	  628.8	  14.10	    376
SFIX L   11563776
11563776	  452.5	  629.1	  339.0	.
11563778	  453.0	  629.2	  340.0	.
11563780	  453.2	  628.2	  339.0	.
11563782	  453.3	  628.1	  339.0	.
11563784	  455.0	  628.1	  339.0	.
11563786	  454.9	  627.6	  339.0	.
11563788	  454.9	  627.0	  340.0	.
11563790	  454.9	  627.0	  339.0	.
11563792	  454.9	  627.2	  340.0	.
11563794	  454.8	  627.0	  340.0	.
11563796	  455.0	  626.9	  341.0	.
11563798	  454.3	  626.9	  341.0	.
11563800	  454.7	  627.2	  341.0	.
11563802	  454.4	  627.1	  341.0	.
11563804	  454.1	  626.8	  341.0	.
11563806	  453.0	  626.2	  342.0	.
11563808	  453.4	  625.9	  342.0	.
11563810	  453.5	  626.2	  341.0	.
11563812	  453.5	  625.8	  341.0	.
11563814	  453.1	  625.3	  341.0	.
11563816	  453.1	  624.3	  341.0	.
11563818	  452.5	  624.2	  341.0	.
11563820	  452.0	  624.6	  339.0	.
11563822	  450.7	  624.6	  337.0	.
11563824	  451.7	  624.8	  336.0	.
11563826	  452.0	  625.1	  335.0	.
11563828	  452.1	  625.0	  335.0	.
11563830	  451.3	  624.8	  335.0	.
11563832	  451.4	  625.0	  335.0	.
11563834	  451.4	  624.2	  335.0	.
11563836	  450.8	  623.2	  335.0	.
11563838	  451.0	  623.6	  335.0	.
11563840	  450.8	  623.8	  336.0	.
11563842	  450.5	  623.2	  335.0	.
11563844	  449.9	  623.4	  335.0	.
11563846	  449.7	  623.1	  335.0	.
11563848	  449.4	  623.3	  335.0	.
11563850	  449.2	  623.2	  335.0	.
11563852	  448.5	  623.5	  335.0	.
11563854	  449.0	  622.9	  335.0	.
11563856	  448.0	  622.8	  335.0	.
11563858	  447.2	  622.7	  336.0	.
11563860	  447.5	  622.3	  336.0	.
11563862	  448.0	  622.4	  337.0	.
11563864	  448.4	  622.5	  337.0	.
11563866	  448.4	  621.8	  338.0	.
11563868	  448.2	  621.5	  338.0	.
11563870	  448.2	  621.2	  335.0	.
11563872	  448.0	  622.1	  335.0	.
11563874	  447.8	  621.6	  335.0	.
11563876	  445.6	  620.7	  335.0	.
11563878	  445.8	  621.3	  335.0	.
11563880	  445.6	  620.9	  334.0	.
11563882	  445.7	  621.2	  335.0	.
11563884	  445.5	  620.2	  335.0	.
11563886	  445.8	  620.8	  335.0	.
11563888	  445.7	  620.9	  336.0	.
11563890	  445.5	  621.0	  337.0	.
11563892	  445.0	  621.0	  337.0	.
11563894	  444.8	  621.0	  337.0	.
11563896	  444.7	  621.1	  337.0	.
11563898	  444.7	  621.7	  337.0	.
11563900	  441.8	  621.2	  337.0	.
11563902	  442.4	  621.2	  339.0	.
11563904	  442.3	  621.3	  344.0	.
11563906	  442.1	  621.2	  344.0	.
11563908	  441.9	  621.6	  344.0	.
11563910	  441.6	  621.0	  346.0	.
11563912	  440.7	  620.6	  346.0	.
11563914	  440.5	  620.5	  346.0	.
11563916	  440.5	  620.4	  346.0	.
11563918	  440.4	  621.4	  344.0	.
11563920	  440.9	  621.9	  342.0	.
11563922	  440.9	  621.9	  342.0	.
11563924	  440.6	  621.5	  341.0	.
11563926	  440.4	  621.1	  341.0	.
11563928	  440.3	  620.5	  341.0	.
11563930	  440.2	  619.9	  341.0	.
11563932	  440.2	  619.7	  340.0	.
11563934	  440.3	  620.3	  340.0	.
11563936	  440.3	  619.9	  340.0	.
11563938	  440.3	  620.2	  340.0	.
11563940	  441.0	  620.0	  341.0	.
11563942	  441.0	  620.1	  341.0	.
11563944	  440.9	  620.0	  341.0	.
11563946	  441.3	  620.1	  341.0	.
11563948	  441.1	  620.5	  342.0	.
11563950	  441.3	  620.3	  343.0	.
11563952	  440.5	  619.8	  343.0	.
11563954	  439.7	  619.7	  344.0	.
11563956	  439.9	  619.8	  345.0	.
11563958	  439.0	  619.7	  345.0	.
11563960	  438.7	  620.2	  345.0	.
11563962	  438.7	  620.8	  347.0	.
11563964	  440.7	  621.4	  347.0	.
11563966	  440.3	  621.2	  347.0	.
11563968	  439.9	  621.7	  348.0	.
11563970	  439.6	  621.4	  350.0	.
11563972	  439.9	  621.5	  350.0	.
11563974	  439.4	  621.6	  350.0	.
11563976	  439.0	  621.1	  350.0	.
11563978	  438.8	  621.2	  350.0	.
11563980	  439.2	  621.5	  351.0	.
11563982	  439.2	  621.7	  353.0	.
11563984	  439.3	  622.2	  353.0	.
11563986	  439.2	  622.6	  351.0	.
11563988	  439.1	  622.6	  350.0	.
11563990	  438.7	  622.5	  348.0	.
11563992	  438.6	  622.0	  348.0	.
11563994	  438.5	  621.7	  348.0	.
11563996	  437.2	  621.5	  348.0	.
11563998	  436.9	  621.6	  352.0	.
11564000	  436.9	  620.7	  357.0	.
11564002	  437.1	  621.1	  357.0	.
11564004	  437.6	  620.8	  357.0	.
11564006	  438.1	  620.7	  357.0	.
11564008	  438.5	  621.5	  357.0	.
11564010	  438.0	  621.2	  357.0	.
11564012	  438.3	  622.0	  356.0	.
11564014	  437.7	  622.0	  356.0	.
11564016	  437.9	  622.0	  356.0	.
11564018	  438.3	  622.0	  356.0	.
11564020	  437.9	  621.8	  355.0	.
11564022	  437.9	  621.8	  355.0	.
11564024	  438.0	  622.0	  354.0	.
11564026	  437.8	  621.0	  354.0	.
11564028	  437.7	  621.3	  354.0	.
11564030	  437.7	  621.6	  354.0	.
11564032	  438.0	  621.0	  354.0	.
11564034	  438.3	  620.5	  355.0	.
11564036	  438.4	  620.4	  356.0	.
11564038	  438.3	  620.4	  356.0	.
11564040	  438.5	  620.4	  356.0	.
11564042	  438.8	  620.5	  356.0	.
11564044	  438.5	  620.5	  356.0	.
11564046	  438.3	  620.6	  357.0	.
11564048	  438.1	  620.5	  360.0	.
11564050	  438.3	  620.5	  361.0	.
11564052	  438.3	  620.6	  361.0	.
11564054	  438.3	  620.3	  360.0	.
11564056	  438.2	  620.9	  360.0	.
11564058	  438.1	  621.4	  361.0	.
11564060	  438.3	  621.3	  361.0	.
11564062	  437.7	  621.1	  361.0	.
11564064	  437.5	  621.6	  361.0	.
11564066	  437.3	  621.1	  361.0	.
11564068	  437.3	  620.8	  361.0	.
11564070	  437.1	  620.4	  361.0	.
11564072	  437.2	  620.1	  361.0	.
11564074	  436.2	  620.0	  361.0	.
11564076	  436.5	  620.2	  362.0	.
11564078	  436.9	  620.7	  362.0	.
11564080	  437.5	  621.4	  363.0	.
11564082	  438.0	  621.6	  363.0	.
11564084	  437.3	  621.4	  363.0	.
11564086	  436.7	  621.7	  364.0	.
11564088	  436.9	  622.3	  364.0	.
11564090	  436.9	  621.9	  363.0	.
11564092	  437.2	  622.5	  365.0	.
11564094	  437.4	  623.0	  366.0	.
11564096	  438.5	  623.0	  367.0	.
11564098	  438.7	  623.5	  369.0	.
11564100	  439.0	  624.1	  370.0	.
11564102	  439.5	  624.2	  371.0	.
11564104	  439.0	  624.4	  371.0	.
11564106	  438.6	  624.3	  371.0	.
11564108	  437.9	  623.1	  372.0	.
11564110	  438.1	  621.9	  372.0	.
11564112	  438.0	  622.1	  370.0	.
11564114	  437.8	  621.8	  369.0	.
11564116	  438.3	  621.8	  369.0	.
11564118	  438.8	  621.7	  369.0	.
11564120	  439.2	  621.7	  369.0	.
11564122	  439.6	  621.6	  369.0	.
11564124	  439.3	  620.6	  369.0	.
11564126	  439.3	  621.4	  369.0	.
11564128	  439.2	  621.2	  368.0	.
11564130	  439.2	  621.5	  369.0	.
11564132	  439.3	  622.0	  370.0	.
11564134	  438.4	  621.4	  370.0	.
11564136	  437.3	  621.0	  369.0	.
11564138	  435.2	  619.8	  369.0	.
EFIX L   11563776	11564138	364	  442.9	  622.3	    349
SSACC L  11564140
11564140	  434.4	  619.9	  369.0	.
11564142	  431.6	  619.4	  370.0	.
11564144	  423.9	  618.1	  371.0	.
11564146	  423.6	  617.7	  372.0	.
11564148	  413.9	  611.1	  373.0	.
11564150	  413.3	  606.0	  375.0	.
11564152	  411.8	  603.7	  375.0	.
11564154	  411.0	  601.5	  375.0	.
ESACC L  11564140	11564154	16	  434.4	  619.9	  411.8	  603.7	   0.73	     71
SFIX L   11564156
11564156	  410.5	  599.6	  375.0	.
11564158	  410.2	  597.7	  375.0	.
11564160	  409.6	  596.8	  375.0	.
11564162	  409.2	  597.1	  375.0	.
11564164	  408.3	  595.7	  375.0	.
11564166	  408.3	  595.7	  377.0	.
11564168	  408.5	  595.8	  377.0	.
11564170	  408.6	  595.9	  377.0	.
11564172	  408.1	  595.5	  379.0	.
11564174	  407.6	  596.4	  379.0	.
11564176	  407.3	  595.4	  379.0	.
11564178	  407.2	  595.1	  381.0	.
11564180	  407.2	  595.2	  381.0	.
11564182	  407.2	  595.2	  381.0	.
11564184	  407.9	  594.9	  381.0	.
11564186	  408.7	  595.7	  381.0	.
11564188	  408.2	  595.4	  381.0	.
11564190	  407.7	  595.0	  382.0	.
11564192	  407.0	  593.7	  383.0	.
11564194	  406.4	  593.6	  383.0	.
11564196	  406.4	  594.4	  389.0	.
11564198	  406.4	  595.3	  390.0	.
11564200	  406.8	  595.4	  390.0	.
11564202	  406.0	  595.3	  390.0	.
11564204	  406.3	  595.9	  390.0	.
11564206	  406.3	  596.4	  390.0	.
11564208	  406.3	  596.1	  390.0	.
11564210	  406.0	  595.9	  390.0	.
11564212	  405.9	  596.4	  390.0	.
11564214	  405.9	  597.0	  390.0	.
11564216	  406.3	  596.1	  388.0	.
11564218	  405.9	  595.1	  387.0	.
11564220	  405.9	  594.6	  387.0	.
11564222	  405.5	  595.0	  387.0	.
11564224	  405.1	  594.9	  388.0	.
11564226	  404.3	  594.9	  389.0	.
11564228	  404.2	  594.5	  389.0	.
11564230	  404.0	  594.2	  389.0	.
11564232	  404.0	  594.2	  389.0	.
11564234	  403.9	  594.4	  388.0	.
11564236	  404.0	  594.6	  387.0	.
11564238	  404.2	  595.0	  387.0	.
11564240	  405.4	  595.2	  387.0	.
11564242	  404.7	  594.5	  387.0	.
11564244	  404.7	  593.6	  388.0	.
11564246	  404.6	  594.4	  388.0	.
11564248	  404.4	  595.0	  389.0	.
11564250	  404.3	  594.7	  388.0	.
11564252	  403.3	  594.5	  389.0	.
11564254	  402.1	  594.5	  390.0	.
11564256	  402.2	  593.9	  389.0	.
11564258	  402.1	  594.5	  389.0	.
11564260	  402.6	  594.0	  389.0	.
11564262	  404.3	  594.0	  389.0	.
11564264	  404.5	  592.4	  389.0	.
11564266	  404.2	  592.1	  390.0	.
11564268	  404.3	  591.7	  390.0	.
11564270	  404.3	  591.3	  390.0	.
11564272	  404.7	  590.7	  390.0	.
11564274	  404.3	  589.8	  390.0	.
11564276	  404.8	  589.7	  391.0	.
11564278	  404.2	  589.6	  390.0	.
11564280	  404.8	  589.2	  390.0	.
11564282	  405.2	  589.1	  388.0	.
11564284	  405.6	  588.5	  388.0	.
11564286	  405.3	  589.0	  389.0	.
11564288	  406.4	  588.9	  390.0	.
11564290	  407.3	  588.9	  390.0	.
11564292	  408.1	  588.0	  390.0	.
11564294	  407.8	  586.5	  392.0	.
11564296	  407.9	  586.3	  395.0	.
11564298	  407.6	  586.4	  396.0	.
11564300	  407.8	  586.8	  397.0	.
11564302	  407.6	  587.2	  397.0	.
11564304	  406.6	  587.0	  398.0	.
11564306	  406.6	  587.2	  398.0	.
11564308	  406.1	  586.5	  397.0	.
11564310	  405.3	  586.9	  396.0	.
11564312	  405.3	  585.7	  396.0	.
11564314	  405.1	  586.5	  395.0	.
11564316	  405.4	  586.6	  394.0	.
11564318	  405.3	  586.9	  393.0	.
11564320	  404.8	  587.5	  393.0	.
11564322	  404.1	  588.2	  396.0	.
11564324	  403.4	  588.0	  396.0	.
11564326	  402.4	  588.1	  395.0	.
11564328	  402.7	  588.7	  394.0	.
11564330	  401.7	  589.0	  394.0	.
11564332	  401.0	  588.8	  394.0	.
11564334	  400.2	  589.0	  394.0	.
11564336	  399.7	  589.2	  394.0	.
11564338	  398.7	  589.5	  394.0	.
11564340	  398.0	  589.5	  395.0	.
11564342	  397.4	  589.6	  395.0	.
11564344	  398.0	  589.8	  394.0	.
11564346	  397.6	  590.2	  394.0	.
11564348	  397.5	  590.2	  394.0	.
11564350	  397.8	  590.3	  396.0	.
11564352	  397.9	  590.3	  396.0	.
11564354	  397.6	  590.2	  396.0	.
11564356	  398.0	  590.1	  396.0	.
11564358	  397.9	  587.9	  395.0	.
11564360	  399.4	  588.7	  396.0	.
11564362	  400.5	  588.5	  396.0	.
11564364	  402.1	  588.1	  396.0	.
11564366	  405.5	  588.9	  396.0	.
11564368	  406.1	  588.9	  396.0	.
11564370	  405.9	  588.2	  396.0	.
11564372	  406.1	  587.3	  396.0	.
11564374	  406.6	  586.9	  396.0	.
11564376	  407.6	  587.0	  396.0	.
11564378	  407.9	  587.5	  396.0	.
11564380	  408.6	  587.1	  396.0	.
11564382	  408.8	  587.4	  396.0	.
11564384	  411.0	  587.7	  397.0	.
11564386	  410.9	  587.9	  397.0	.
11564388	  411.1	  587.9	  398.0	.
11564390	  411.3	  588.4	  398.0	.
11564392	  411.7	  587.8	  399.0	.
11564394	  411.6	  587.3	  399.0	.
11564396	  412.3	  587.3	  400.0	.
11564398	  411.5	  587.3	  401.0	.
11564400	  411.9	  586.8	  401.0	.
11564402	  411.9	  587.3	  402.0	.
11564404	  413.0	  587.7	  405.0	.
11564406	  413.2	  588.0	  405.0	.
EFIX L   11564156	11564406	252	  405.6	  591.3	    390
SSACC L  11564408
11564408	  413.8	  587.8	  405.0	.
11564410	  425.1	  590.1	  405.0	.
11564412	  440.4	  591.0	  405.0	.
11564414	  464.7	  593.6	  405.0	.
11564416	  492.2	  597.2	  407.0	.
11564418	  532.9	  603.0	  408.0	.
11564420	  567.8	  608.1	  409.0	.
11564422	  607.2	  610.8	  410.0	.
11564424	  647.7	  610.8	  410.0	.
11564426	  691.1	  611.0	  411.0	.
11564428	  735.0	  611.4	  411.0	.
11564430	  779.3	  611.9	  413.0	.
11564432	  819.9	  612.2	  417.0	.
11564434	  863.2	  612.4	  417.0	.
11564436	  909.7	  611.1	  417.0	.
11564438	  955.2	  611.6	  418.0	.
11564440	 1002.0	  612.1	  419.0	.
11564442	 1041.3	  603.0	  421.0	.
11564444	 1085.0	  601.7	  421.0	.
11564446	 1126.1	  600.4	  420.0	.
11564448	 1161.9	  600.5	  420.0	.
11564450	 1201.9	  599.8	  420.0	.
11564452	 1242.7	  598.9	  419.0	.
11564454	 1287.1	  596.1	  419.0	.
11564456	 1316.4	  594.8	  418.0	.
11564458	 1356.3	  593.4	  418.0	.
11564460	 1385.4	  592.0	  418.0	.
11564462	 1422.8	  590.9	  418.0	.
11564464	 1450.6	  589.8	  417.0	.
11564466	 1479.7	  589.4	  416.0	.
11564468	 1507.8	  588.8	  416.0	.
11564470	 1534.7	  589.0	  416.0	.
11564472	 1554.2	  589.0	  416.0	.
11564474	 1579.5	  588.8	  416.0	.
11564476	 1592.8	  591.3	  415.0	.
11564478	 1604.1	  591.1	  415.0	.
11564480	 1610.2	  591.1	  416.0	.
11564482	 1610.3	  590.3	  417.0	.
ESACC L  11564408	11564482	76	  413.8	  587.8	 1610.2	  591.1	  27.95	    563
SFIX L   11564484
11564484	 1610.4	  589.5	  418.0	.
11564486	 1609.0	  588.2	  418.0	.
11564488	 1607.6	  587.0	  419.0	.
11564490	 1604.8	  587.7	  420.0	.
11564492	 1605.1	  588.3	  421.0	.
11564494	 1604.5	  588.3	  422.0	.
11564496	 1604.0	  588.4	  422.0	.
11564498	 1602.8	  588.4	  422.0	.
11564500	 1602.2	  588.5	  422.0	.
11564502	 1601.9	  589.6	  421.0	.
11564504	 1601.4	  590.8	  421.0	.
11564506	 1600.6	  590.4	  421.0	.
11564508	 1600.1	  590.0	  421.0	.
11564510	 1599.8	  589.9	  420.0	.
11564512	 1599.1	  590.1	  420.0	.
11564514	 1599.1	  590.2	  420.0	.
11564516	 1599.0	  590.5	  420.0	.
11564518	 1597.8	  590.5	  420.0	.
11564520	 1597.3	  590.7	  420.0	.
11564522	 1596.7	  590.5	  418.0	.
11564524	 1596.3	  591.1	  417.0	.
11564526	 1595.9	  591.5	  417.0	.
11564528	 1594.0	  591.5	  418.0	.
11564530	 1593.9	  592.2	  419.0	.
11564532	 1593.7	  592.5	  419.0	.
11564534	 1593.8	  592.7	  421.0	.
11564536	 1593.9	  593.5	  421.0	.
11564538	 1593.0	  594.2	  421.0	.
11564540	 1592.0	  594.7	  421.0	.
11564542	 1591.0	  594.7	  421.0	.
11564544	 1591.0	  595.8	  421.0	.
11564546	 1590.8	  596.0	  422.0	.
11564548	 1590.7	  595.7	  422.0	.
11564550	 1590.8	  595.8	  422.0	.
11564552	 1589.2	  595.5	  422.0	.
11564554	 1589.5	  595.1	  422.0	.
11564556	 1589.4	  595.2	  422.0	.
11564558	 1589.2	  594.4	  422.0	.
11564560	 1589.0	  593.6	  423.0	.
11564562	 1589.1	  593.8	  423.0	.
11564564	 1588.4	  592.6	  423.0	.
11564566	 1588.4	  592.6	  423.0	.
11564568	 1588.2	  592.7	  423.0	.
11564570	 1587.4	  593.0	  424.0	.
11564572	 1587.0	  592.9	  424.0	.
11564574	 1586.9	  592.7	  424.0	.
11564576	 1586.8	  592.9	  424.0	.
11564578	 1586.3	  591.2	  423.0	.
11564580	 1585.7	  589.6	  423.0	.
11564582	 1585.2	  590.5	  424.0	.
11564584	 1584.8	  590.7	  425.0	.
11564586	 1584.8	  590.8	  426.0	.
11564588	 1585.7	  593.6	  426.0	.
11564590	 1585.4	  593.1	  426.0	.
11564592	 1585.2	  594.1	  427.0	.
11564594	 1585.2	  594.4	  429.0	.
11564596	 1585.4	  594.4	  429.0	.
11564598	 1584.8	  593.9	  429.0	.
11564600	 1584.0	  593.7	  429.0	.
11564602	 1584.5	  593.7	  430.0	.
11564604	 1584.5	  593.7	  431.0	.
11564606	 1584.7	  594.5	  431.0	.
11564608	 1584.8	  595.0	  431.0	.
11564610	 1585.0	  595.4	  431.0	.
11564612	 1585.1	  597.5	  432.0	.
11564614	 1584.7	  597.2	  431.0	.
11564616	 1584.5	  597.0	  430.0	.
11564618	 1583.6	  593.7	  428.0	.
11564620	 1583.4	  593.6	  427.0	.
11564622	 1583.4	  593.5	  427.0	.
11564624	 1583.2	  593.2	  428.0	.
11564626	 1582.9	  593.0	  429.0	.
11564628	 1582.7	  593.3	  432.0	.
11564630	 1582.4	  591.3	  432.0	.
11564632	 1582.4	  590.3	  429.0	.
11564634	 1581.6	  589.2	  429.0	.
11564636	 1582.6	  590.6	  429.0	.
11564638	 1583.2	  591.9	  429.0	.
11564640	 1583.5	  592.1	  429.0	.
11564642	 1584.0	  592.2	  429.0	.
11564644	 1584.0	  590.4	  431.0	.
11564646	 1584.0	  589.9	  431.0	.
11564648	 1583.7	  590.1	  431.0	.
11564650	 1583.7	  590.2	  431.0	.
11564652	 1584.7	  593.5	  431.0	.
11564654	 1584.7	  593.8	  430.0	.
11564656	 1585.0	  594.2	  431.0	.
11564658	 1585.6	  595.2	  432.0	.
11564660	 1585.2	  596.6	  433.0	.
11564662	 1585.2	  596.8	  433.0	.
11564664	 1585.4	  597.1	  434.0	.
11564666	 1585.5	  596.4	  435.0	.
11564668	 1586.0	  595.8	  435.0	.
11564670	 1587.2	  597.6	  436.0	.
11564672	 1587.1	  597.4	  435.0	.
11564674	 1587.9	  598.3	  436.0	.
11564676	 1588.0	  599.4	  437.0	.
11564678	 1587.6	  597.7	  437.0	.
11564680	 1587.4	  596.1	  437.0	.
11564682	 1587.8	  596.5	  437.0	.
11564684	 1587.8	  596.1	  437.0	.
11564686	 1587.7	  595.7	  437.0	.
11564688	 1587.6	  595.6	  437.0	.
11564690	 1587.8	  596.7	  437.0	.
11564692	 1588.0	  598.0	  437.0	.
11564694	 1587.6	  597.2	  437.0	.
11564696	 1587.8	  598.4	  437.0	.
11564698	 1587.9	  598.7	  438.0	.
11564700	 1587.8	  598.8	  439.0	.
11564702	 1587.1	  597.0	  438.0	.
11564704	 1586.5	  596.9	  439.0	.
11564706	 1584.6	  596.7	  439.0	.
EFIX L   11564484	11564706	224	 1589.7	  593.4	    427
SSACC L  11564708
11564708	 1581.3	  594.8	  438.0	.
11564710	 1573.3	  592.8	  438.0	.
11564712	 1563.5	  589.8	  435.0	.
11564714	 1558.8	  586.5	  434.0	.
11564716	 1553.9	  583.0	  433.0	.
11564718	 1548.2	  579.6	  433.0	.
11564720	 1543.4	  579.1	  434.0	.
11564722	 1543.1	  578.3	  434.0	.
ESACC L  11564708	11564722	16	 1581.3	  594.8	 1543.4	  579.1	   0.96	     87
SFIX L   11564724
11564724	 1542.4	  575.7	  435.0	.
11564726	 1542.7	  576.3	  436.0	.
11564728	 1542.9	  576.2	  436.0	.
11564730	 1542.8	  576.8	  434.0	.
11564732	 1543.3	  577.4	  434.0	.
11564734	 1543.0	  577.9	  434.0	.
11564736	 1542.8	  578.6	  435.0	.
11564738	 1541.9	  579.0	  435.0	.
11564740	 1541.9	  579.0	  435.0	.
11564742	 1542.0	  578.9	  435.0	.
11564744	 1541.9	  579.7	  435.0	.
11564746	 1541.8	  580.5	  435.0	.
11564748	 1541.7	  580.5	  434.0	.
11564750	 1541.6	  580.4	  433.0	.
11564752	 1542.0	  580.7	  433.0	.
11564754	 1540.6	  579.8	  433.0	.
11564756	 1540.6	  580.2	  434.0	.
11564758	 1541.2	  580.1	  434.0	.
11564760	 1541.8	  580.2	  433.0	.
11564762	 1541.6	  580.3	  434.0	.
11564764	 1541.4	  580.5	  433.0	.
11564766	 1540.8	  580.6	  433.0	.
11564768	 1540.1	  580.7	  434.0	.
11564770	 1538.9	  580.3	  435.0	.
11564772	 1539.4	  580.7	  434.0	.
11564774	 1540.0	  581.0	  434.0	.
11564776	 1539.8	  580.8	  434.0	.
11564778	 1540.4	  582.0	  436.0	.
11564780	 1540.7	  583.3	  436.0	.
11564782	 1540.4	  581.7	  436.0	.
11564784	 1540.3	  582.4	  439.0	.
11564786	 1540.8	  582.3	  439.0	.
11564788	 1540.8	  582.2	  439.0	.
11564790	 1540.7	  581.3	  439.0	.
11564792	 1540.4	  581.5	  439.0	.
11564794	 1539.4	  581.6	  440.0	.
11564796	 1538.9	  581.0	  439.0	.
11564798	 1539.4	  582.1	  439.0	.
11564800	 1538.3	  581.7	  439.0	.
11564802	 1537.5	  581.8	  440.0	.
11564804	 1538.0	  581.8	  441.0	.
11564806	 1538.9	  582.3	  441.0	.
11564808	 1539.0	  581.9	  441.0	.
11564810	 1539.2	  581.9	  439.0	.
11564812	 1539.0	  581.2	  438.0	.
11564814	 1539.9	  581.1	  437.0	.
11564816	 1539.7	  581.4	  437.0	.
11564818	 1540.2	  580.5	  437.0	.
11564820	 1540.5	  580.8	  437.0	.
11564822	 1540.7	  580.1	  437.0	.
11564824	 1541.0	  579.3	  437.0	.
11564826	 1541.4	  579.3	  437.0	.
11564828	 1541.2	  579.3	  438.0	.
11564830	 1541.4	  580.1	  438.0	.
11564832	 1541.0	  580.4	  438.0	.
11564834	 1540.9	  580.6	  438.0	.
11564836	 1541.3	  580.5	  438.0	.
11564838	 1541.2	  580.3	  438.0	.
11564840	 1541.2	  580.2	  439.0	.
11564842	 1541.3	  580.2	  439.0	.
11564844	 1541.2	  580.4	  439.0	.
11564846	 1541.1	  580.7	  439.0	.
11564848	 1541.2	  581.6	  442.0	.
11564850	 1542.0	  584.0	  442.0	.
11564852	 1542.4	  585.1	  440.0	.
11564854	 1542.4	  584.5	  441.0	.
11564856	 1542.1	  583.9	  441.0	.
11564858	 1542.1	  583.3	  441.0	.
11564860	 1542.0	  583.1	  440.0	.
11564862	 1542.1	  582.9	  440.0	.
11564864	 1542.0	  583.4	  440.0	.
11564866	 1542.8	  583.7	  440.0	.
11564868	 1543.5	  583.7	  441.0	.
11564870	 1543.9	  584.7	  442.0	.
11564872	 1544.1	  585.9	  443.0	.
11564874	 1544.4	  586.9	  443.0	.
11564876	 1544.5	  588.0	  443.0	.
11564878	 1544.4	  588.4	  444.0	.
11564880	 1544.4	  588.8	  446.0	.
11564882	 1543.7	  588.2	  445.0	.
11564884	 1543.7	  588.1	  445.0	.
11564886	 1543.6	  587.8	  444.0	.
11564888	 1543.6	  587.0	  443.0	.
11564890	 1543.7	  587.0	  445.0	.
11564892	 1543.9	  586.9	  446.0	.
11564894	 1543.9	  588.2	  447.0	.
11564896	 1544.5	  588.0	  449.0	.
11564898	 1545.1	  587.6	  449.0	.
11564900	 1545.0	  587.9	  449.0	.
11564902	 1544.8	  587.4	  450.0	.
11564904	 1544.3	  587.1	  452.0	.
11564906	 1545.1	  586.9	  451.0	.
11564908	 1545.4	  587.0	  450.0	.
11564910	 1545.3	  587.1	  447.0	.
11564912	 1544.8	  585.7	  443.0	.
11564914	 1545.1	  585.2	  443.0	.
11564916	 1545.1	  585.2	  444.0	.
11564918	 1546.0	  585.1	  445.0	.
11564920	 1547.4	  586.8	  446.0	.
11564922	 1546.9	  586.0	  446.0	.
11564924	 1546.9	  585.2	  446.0	.
11564926	 1546.9	  585.3	  449.0	.
11564928	 1546.4	  583.9	  447.0	.
11564930	 1546.5	  584.0	  448.0	.
11564932	 1545.9	  583.5	  450.0	.
11564934	 1545.6	  584.1	  449.0	.
11564936	 1544.5	  584.1	  448.0	.
11564938	 1544.8	  583.9	  448.0	.
11564940	 1545.2	  584.3	  448.0	.
11564942	 1545.2	  584.6	  447.0	.
11564944	 1545.4	  585.5	  449.0	.
11564946	 1546.6	  586.1	  449.0	.
11564948	 1545.8	  587.7	  449.0	.
11564950	 1545.8	  589.2	  450.0	.
11564952	 1546.0	  589.9	  450.0	.
11564954	 1546.3	  590.5	  450.0	.
11564956	 1546.3	  590.7	  450.0	.
11564958	 1546.1	  590.8	  450.0	.
11564960	 1545.8	  590.1	  449.0	.
11564962	 1545.9	  590.6	  449.0	.
11564964	 1545.9	  590.5	  450.0	.
11564966	 1545.5	  591.2	  453.0	.
11564968	 1545.7	  591.2	  453.0	.
11564970	 1546.0	  590.9	  454.0	.
11564972	 1547.0	  590.8	  453.0	.
11564974	 1547.3	  590.4	  453.0	.
11564976	 1547.5	  589.5	  453.0	.
11564978	 1546.4	  588.4	  453.0	.
11564980	 1546.3	  588.4	  453.0	.
11564982	 1546.2	  588.4	  454.0	.
11564984	 1545.5	  588.7	  454.0	.
11564986	 1545.1	  588.7	  455.0	.
11564988	 1545.0	  588.7	  455.0	.
11564990	 1545.6	  588.1	  454.0	.
11564992	 1546.0	  588.3	  455.0	.
11564994	 1546.4	  588.2	  456.0	.
11564996	 1547.3	  588.2	  457.0	.
11564998	 1548.1	  588.1	  458.0	.
11565000	 1548.2	  588.0	  457.0	.
11565002	 1548.2	  587.8	  457.0	.
11565004	 1548.4	  587.8	  457.0	.
11565006	 1548.4	  587.7	  459.0	.
11565008	 1548.5	  587.4	  459.0	.
11565010	 1548.5	  587.2	  459.0	.
11565012	 1548.0	  585.8	  458.0	.
11565014	 1548.3	  585.6	  454.0	.
11565016	 1548.4	  585.6	  454.0	.
11565018	 1548.2	  585.6	  460.0	.
11565020	 1548.9	  585.6	  460.0	.
11565022	 1548.9	  585.6	  458.0	.
11565024	 1548.7	  585.3	  457.0	.
11565026	 1548.5	  585.6	  458.0	.
11565028	 1547.9	  585.9	  458.0	.
11565030	 1547.6	  585.4	  460.0	.
11565032	 1547.6	  586.2	  460.0	.
11565034	 1547.7	  587.0	  460.0	.
11565036	 1547.4	  586.6	  460.0	.
11565038	 1544.2	  586.3	  459.0	.
11565040	 1544.1	  586.1	  459.0	.
11565042	 1544.1	  585.8	  459.0	.
11565044	 1543.7	  586.0	  459.0	.
11565046	 1543.8	  586.2	  459.0	.
11565048	 1543.7	  585.8	  459.0	.
11565050	 1544.4	  586.2	  459.0	.
11565052	 1543.9	  585.8	  460.0	.
11565054	 1544.5	  585.9	  460.0	.
11565056	 1544.3	  585.4	  460.0	.
11565058	 1544.5	  585.0	  461.0	.
11565060	 1544.7	  585.0	  461.0	.
11565062	 1545.0	  585.1	  461.0	.
11565064	 1545.3	  585.3	  460.0	.
11565066	 1545.3	  585.1	  460.0	.
11565068	 1545.3	  584.8	  460.0	.
11565070	 1545.3	  584.8	  460.0	.
11565072	 1545.9	  584.8	  461.0	.
11565074	 1546.4	  584.5	  462.0	.
11565076	 1546.4	  584.2	  462.0	.
11565078	 1546.5	  584.2	  462.0	.
11565080	 1547.0	  583.8	  462.0	.
11565082	 1546.8	  583.3	  462.0	.
11565084	 1546.5	  582.9	  462.0	.
11565086	 1546.9	  582.8	  462.0	.
11565088	 1547.2	  582.7	  462.0	.
11565090	 1546.9	  581.5	  462.0	.
11565092	 1546.9	  581.6	  462.0	.
11565094	 1546.6	  581.4	  462.0	.
11565096	 1546.5	  582.0	  464.0	.
11565098	 1546.7	  582.6	  468.0	.
11565100	 1546.7	  582.2	  469.0	.
11565102	 1546.6	  582.2	  469.0	.
11565104	 1546.4	  582.2	  469.0	.
11565106	 1546.5	  582.7	  468.0	.
11565108	 1546.7	  583.7	  469.0	.
11565110	 1546.6	  583.9	  469.0	.
11565112	 1547.2	  584.0	  469.0	.
11565114	 1546.9	  583.7	  469.0	.
11565116	 1547.5	  583.4	  469.0	.
11565118	 1547.0	  584.2	  469.0	.
11565120	 1546.5	  585.1	  468.0	.
11565122	 1546.4	  585.5	  468.0	.
11565124	 1546.3	  585.2	  468.0	.
11565126	 1545.8	  584.8	  468.0	.
11565128	 1545.8	  584.1	  468.0	.
11565130	 1545.5	  584.1	  468.0	.
11565132	 1545.2	  584.0	  468.0	.
11565134	 1545.3	  584.1	  468.0	.
11565136	 1546.2	  584.3	  468.0	.
11565138	 1545.6	  584.5	  468.0	.
11565140	 1544.7	  583.9	  468.0	.
11565142	 1543.5	  583.8	  469.0	.
11565144	 1542.9	  584.0	  469.0	.
11565146	 1542.7	  582.8	  469.0	.
11565148	 1542.9	  583.2	  469.0	.
11565150	 1542.9	  583.1	  469.0	.
11565152	 1543.1	  583.9	  468.0	.
11565154	 1545.0	  584.7	  468.0	.
11565156	 1545.4	  584.8	  469.0	.
11565158	 1545.4	  584.8	  469.0	.
11565160	 1545.4	  584.7	  469.0	.
11565162	 1545.1	  583.3	  469.0	.
11565164	 1544.9	  583.2	  469.0	.
11565166	 1545.8	  583.0	  468.0	.
11565168	 1545.5	  583.2	  468.0	.
11565170	 1545.2	  582.6	  469.0	.
11565172	 1545.5	  583.6	  470.0	.
11565174	 1545.0	  583.7	  472.0	.
11565176	 1544.2	  583.2	  473.0	.
11565178	 1543.7	  582.7	  473.0	.
11565180	 1543.1	  582.7	  470.0	.
11565182	 1543.1	  583.0	  470.0	.
11565184	 1543.1	  582.1	  470.0	.
11565186	 1543.4	  581.3	  470.0	.
11565188	 1543.0	  579.4	  470.0	.
11565190	 1543.3	  579.1	  470.0	.
11565192	 1544.2	  578.7	  471.0	.
11565194	 1544.7	  579.2	  472.0	.
11565196	 1545.0	  579.3	  474.0	.
11565198	 1545.5	  579.5	  476.0	.
11565200	 1546.1	  580.7	  476.0	.
11565202	 1545.4	  581.1	  475.0	.
11565204	 1545.1	  581.1	  475.0	.
11565206	 1545.1	  581.2	  475.0	.
11565208	 1545.0	  581.5	  474.0	.
11565210	 1543.4	  580.7	  474.0	.
11565212	 1543.2	  579.8	  473.0	.
11565214	 1543.4	  580.6	  472.0	.
11565216	 1543.4	  580.8	  472.0	.
11565218	 1543.5	  580.8	  472.0	.
11565220	 1544.0	  581.6	  472.0	.
11565222	 1544.4	  582.4	  472.0	.
11565224	 1544.3	  581.2	  471.0	.
11565226	 1545.1	  581.3	  471.0	.
11565228	 1544.5	  581.1	  471.0	.
11565230	 1545.1	  580.9	  471.0	.
11565232	 1545.1	  580.8	  471.0	.
11565234	 1544.8	  580.8	  471.0	.
11565236	 1544.6	  581.0	  471.0	.
11565238	 1544.0	  581.1	  471.0	.
11565240	 1544.2	  581.1	  471.0	.
11565242	 1544.3	  581.2	  471.0	.
11565244	 1544.5	  580.8	  472.0	.
11565246	 1544.8	  581.6	  472.0	.
11565248	 1544.7	  581.1	  472.0	.
11565250	 1544.6	  580.6	  472.0	.
11565252	 1544.3	  578.8	  472.0	.
11565254	 1544.2	  578.8	  472.0	.
11565256	 1544.1	  579.0	  472.0	.
11565258	 1544.3	  578.9	  471.0	.
11565260	 1544.5	  579.3	  470.0	.
11565262	 1544.3	  579.1	  470.0	.
11565264	 1544.1	  579.3	  470.0	.
11565266	 1543.5	  579.5	  470.0	.
11565268	 1543.6	  578.8	  470.0	.
11565270	 1543.6	  578.9	  470.0	.
11565272	 1543.4	  578.5	  470.0	.
11565274	 1543.2	  578.9	  470.0	.
11565276	 1543.2	  578.7	  470.0	.
11565278	 1543.7	  579.8	  470.0	.
11565280	 1544.0	  580.9	  471.0	.
11565282	 1544.0	  580.4	  475.0	.
11565284	 1544.3	  579.9	  475.0	.
11565286	 1543.6	  580.1	  474.0	.
11565288	 1543.3	  579.8	  473.0	.
11565290	 1543.3	  579.5	  472.0	.
11565292	 1543.5	  579.7	  472.0	.
11565294	 1544.1	  580.0	  472.0	.
11565296	 1544.1	  579.2	  472.0	.
11565298	 1544.2	  578.4	  473.0	.
11565300	 1544.8	  578.4	  474.0	.
11565302	 1545.4	  578.4	  475.0	.
11565304	 1545.3	  577.4	  475.0	.
11565306	 1545.4	  577.3	  475.0	.
11565308	 1545.0	  577.2	  475.0	.
11565310	 1545.0	  577.0	  474.0	.
11565312	 1545.2	  577.8	  472.0	.
11565314	 1545.6	  577.9	  471.0	.
11565316	 1545.4	  577.5	  471.0	.
11565318	 1545.4	  577.2	  471.0	.
11565320	 1545.5	  577.3	  472.0	.
11565322	 1545.2	  577.0	  472.0	.
11565324	 1545.0	  576.7	  471.0	.
11565326	 1545.0	  577.2	  471.0	.
11565328	 1544.2	  577.2	  471.0	.
11565330	 1543.9	  577.2	  471.0	.
11565332	 1543.8	  577.2	  471.0	.
11565334	 1544.0	  577.2	  471.0	.
11565336	 1544.2	  577.5	  471.0	.
11565338	 1544.4	  576.5	  471.0	.
11565340	 1545.7	  576.1	  471.0	.
11565342	 1545.3	  576.3	  471.0	.
11565344	 1544.9	  575.2	  469.0	.
11565346	 1544.2	  575.3	  469.0	.
11565348	 1544.3	  575.3	  468.0	.
11565350	 1544.1	  574.9	  468.0	.
11565352	 1544.8	  575.3	  468.0	.
11565354	 1545.5	  575.7	  469.0	.
11565356	 1545.5	  576.1	  468.0	.
11565358	 1545.5	  576.6	  468.0	.
11565360	 1545.6	  577.3	  468.0	.
11565362	 1545.5	  577.2	  468.0	.
11565364	 1544.8	  577.1	  469.0	.
11565366	 1544.7	  576.9	  469.0	.
11565368	 1544.8	  577.3	  469.0	.
11565370	 1544.7	  577.2	  469.0	.
11565372	 1544.8	  577.1	  470.0	.
11565374	 1544.5	  576.9	  470.0	.
11565376	 1544.9	  577.2	  470.0	.
11565378	 1545.3	  577.4	  470.0	.
11565380	 1545.5	  578.3	  469.0	.
11565382	 1545.7	  579.0	  469.0	.
11565384	 1546.4	  579.8	  470.0	.
11565386	 1546.8	  580.4	  470.0	.
11565388	 1546.6	  581.1	  469.0	.
11565390	 1546.5	  581.9	  469.0	.
11565392	 1545.9	  582.8	  470.0	.
11565394	 1545.5	  582.2	  473.0	.
11565396	 1545.2	  582.1	  474.0	.
11565398	 1545.0	  581.8	  474.0	.
11565400	 1545.2	  581.6	  474.0	.
11565402	 1545.1	  581.5	  475.0	.
11565404	 1545.1	  581.6	  475.0	.
11565406	 1544.3	  582.2	  475.0	.
11565408	 1544.3	  582.4	  474.0	.
11565410	 1544.1	  581.9	  474.0	.
11565412	 1542.5	  581.5	  473.0	.
11565414	 1542.3	  581.4	  471.0	.
11565416	 1543.2	  581.5	  471.0	.
11565418	 1542.9	  581.7	  472.0	.
11565420	 1543.5	  582.1	  472.0	.
11565422	 1544.0	  582.5	  472.0	.
11565424	 1544.1	  582.3	  471.0	.
11565426	 1543.4	  582.0	  471.0	.
11565428	 1542.7	  581.9	  471.0	.
11565430	 1542.7	  581.7	  471.0	.
11565432	 1542.6	  581.2	  471.0	.
11565434	 1542.6	  580.6	  470.0	.
11565436	 1542.6	  580.2	  469.0	.
11565438	 1542.5	  579.7	  469.0	.
11565440	 1542.7	  579.5	  469.0	.
11565442	 1542.6	  579.5	  469.0	.
11565444	 1542.0	  578.0	  469.0	.
11565446	 1541.4	  576.4	  469.0	.
11565448	 1541.2	  576.5	  469.0	.
11565450	 1541.3	  575.3	  469.0	.
11565452	 1540.7	  574.8	  468.0	.
11565454	 1540.8	  574.5	  468.0	.
11565456	 1541.1	  575.4	  469.0	.
11565458	 1540.4	  576.4	  469.0	.
11565460	 1539.3	  576.4	  469.0	.
11565462	 1539.4	  576.4	  468.0	.
11565464	 1539.6	  577.1	  468.0	.
11565466	 1539.8	  577.7	  468.0	.
11565468	 1540.1	  579.1	  467.0	.
11565470	 1539.8	  580.4	  467.0	.
11565472	 1540.0	  581.3	  468.0	.
11565474	 1540.4	  581.7	  468.0	.
11565476	 1540.6	  581.7	  471.0	.
11565478	 1540.4	  581.7	  471.0	.
11565480	 1540.9	  581.8	  471.0	.
11565482	 1540.5	  582.0	  470.0	.
MSG	11565483 TRIAL 19 END
