subject, practice/real, trial#, target/nontarget, target type, setsize, error, responsetime 
1230373, 1, 1, 1, 1, 16, 2, 1 
1230373, 1, 2, 2, 2, 8, 2, 1 
1230373, 1, 3, 1, 2, 8, 2, 7 
1230373, 1, 4, 1, 1, 8, 2, 0 
1230373, 1, 5, 2, 2, 4, 2, 2 
1230373, 1, 6, 2, 2, 8, 2, 0 
1230373, 1, 7, 2, 2, 16, 2, 0 
1230373, 1, 8, 1, 1, 8, 2, 0 
1230373, 1, 9, 1, 1, 8, 2, 0 
1230373, 2, 1, 2, 1, 16, 2, 0 

1230373, 1, 1, 1, 1, 8, 2, 0 
1230373, 1, 2, 2, 2, 4, 2, 0 
1230373, 1, 3, 1, 1, 16, 2, 0 
1230373, 1, 4, 2, 1, 8, 0, 0 
1230373, 1, 5, 2, 1, 4, 1, 1 
1230373, 1, 6, 1, 2, 16, 1, 0 
1230373, 1, 7, 2, 1, 8, 2, 0 
1230373, 1, 8, 1, 2, 16, 2, 0 

1230373, 1, 1, 1, 1, 8, 2, 0 
1230373, 1, 2, 2, 2, 16, 2, 1 
1230373, 1, 3, 1, 1, 4, 2, 1 
1230373, 1, 4, 2, 1, 4, 2, 0 
1230373, 1, 5, 1, 1, 16, 2, 1 
1230373, 1, 6, 1, 1, 8, 2, 0 
1230373, 1, 7, 1, 2, 4, 2, 0 
1230373, 1, 8, 2, 1, 8, 2, 2 
1230373, 1, 9, 1, 2, 4, 2, 0 
1230373, 1, 10, 2, 2, 4, 2, 0 
1230373, 2, 1, 1, 2, 4, 2, 0 
1230373, 2, 2, 1, 1, 8, 2, 0 
1230373, 2, 3, 2, 1, 16, 2, 0 
1230373, 2, 4, 2, 1, 8, 2, 0 
1230373, 2, 5, 1, 1, 4, 0, 0 
1230373, 2, 6, 2, 1, 16, 2, 1 
1230373, 2, 7, 1, 1, 4, 2, 0 
1230373, 2, 8, 2, 1, 8, 2, 0 
1230373, 2, 9, 2, 2, 4, 2, 0 
1230373, 2, 10, 1, 2, 4, 2, 0 
1230373, 2, 11, 1, 2, 4, 2, 0 
1230373, 2, 12, 1, 1, 8, 2, 0 
1230373, 2, 13, 1, 1, 4, 2, 0 
1230373, 2, 14, 2, 2, 4, 2, 0 
1230373, 2, 15, 2, 1, 8, 2, 0 
1230373, 2, 16, 1, 1, 16, 2, 0 
1230373, 2, 17, 2, 1, 16, 2, 0 
1230373, 2, 18, 2, 2, 16, 2, 0 
1230373, 2, 19, 1, 2, 16, 2, 0 
1230373, 2, 20, 2, 2, 16, 2, 0 
1230373, 2, 21, 2, 2, 4, 2, 0 
1230373, 2, 22, 1, 2, 4, 0, 0 
1230373, 2, 23, 2, 1, 8, 2, 0 
1230373, 2, 24, 2, 2, 4, 2, 0 
1230373, 2, 25, 2, 1, 8, 2, 0 
1230373, 2, 26, 2, 2, 4, 2, 0 
1230373, 2, 27, 1, 1, 4, 2, 0 
1230373, 2, 28, 2, 2, 4, 2, 0 
1230373, 2, 29, 1, 1, 4, 2, 0 

1230373, 1, 1, 1, 1, 16, 1, 1170 
1230373, 1, 2, 1, 2, 8, 0, 1252 
1230373, 1, 3, 2, 2, 16, 0, 1013 
1230373, 1, 4, 1, 1, 8, 1, 750 
1230373, 1, 5, 1, 2, 4, 0, 822 
1230373, 1, 6, 1, 1, 16, 1, 1642 
1230373, 1, 7, 1, 2, 16, 0, 1216 
1230373, 1, 8, 1, 2, 4, 0, 734 
1230373, 1, 9, 2, 1, 16, 1, 1042 
1230373, 1, 10, 2, 1, 8, 0, 1036 

1230373, 1, 1, 2, 2, 8, 0, 1004 
1230373, 1, 2, 1, 1, 4, 0, 971 
1230373, 1, 3, 1, 2, 16, 0, 809 
1230373, 1, 4, 1, 1, 4, 0, 1161 
1230373, 1, 5, 2, 2, 4, 0, 843 
1230373, 1, 6, 1, 1, 8, 1, 1227 
1230373, 1, 7, 2, 1, 4, 0, 843 
1230373, 1, 8, 1, 2, 16, 0, 811 
1230373, 1, 9, 1, 1, 4, 0, 972 
1230373, 1, 10, 2, 2, 4, 0, 797 

1230373, 1, 1, 1, 1, 4, 0, 1047 
1230373, 1, 2, 1, 2, 16, 0, 809 
1230373, 1, 3, 2, 2, 8, 0, 793 
1230373, 1, 4, 2, 1, 8, 1, 993 
1230373, 1, 5, 1, 1, 4, 1, 1060 
1230373, 1, 6, 1, 2, 4, 0, 889 
1230373, 1, 7, 2, 1, 4, 0, 864 
1230373, 1, 8, 1, 2, 4, 0, 774 
1230373, 1, 9, 1, 1, 8, 0, 840 
1230373, 1, 10, 2, 2, 8, 0, 761 
1230373, 1, 11, 2, 2, 16, 0, 908 
1230373, 1, 12, 1, 1, 8, 0, 893 
1230373, 2, 1, 1, 2, 4, 0, 833 
1230373, 2, 2, 2, 1, 8, 0, 1957 
1230373, 2, 3, 2, 2, 4, 0, 987 
1230373, 2, 4, 1, 2, 8, 0, 841 
1230373, 2, 5, 1, 1, 16, 1, 1134 
1230373, 2, 6, 1, 2, 4, 0, 1399 
1230373, 2, 7, 1, 2, 4, 0, 794 
1230373, 2, 8, 2, 1, 16, 0, 814 
1230373, 2, 9, 2, 1, 8, 0, 944 
1230373, 2, 10, 2, 1, 8, 0, 1023 
1230373, 2, 11, 1, 2, 16, 0, 811 
1230373, 2, 12, 2, 1, 8, 0, 1277 
1230373, 2, 13, 1, 1, 16, 0, 832 
1230373, 2, 14, 1, 1, 8, 0, 1023 
1230373, 2, 15, 1, 1, 8, 0, 1118 
1230373, 2, 16, 1, 2, 16, 1, 795 
1230373, 2, 17, 2, 1, 16, 0, 1262 
1230373, 2, 18, 1, 2, 4, 0, 942 
1230373, 2, 19, 1, 2, 16, 0, 747 
1230373, 2, 20, 2, 1, 4, 0, 862 
1230373, 2, 21, 1, 1, 16, 0, 1966 
1230373, 2, 22, 2, 1, 16, 0, 1420 
1230373, 2, 23, 1, 2, 4, 0, 1057 
1230373, 2, 24, 2, 2, 8, 0, 680 
1230373, 2, 25, 2, 1, 16, 1, 2126 
1230373, 2, 26, 1, 2, 4, 0, 1119 
1230373, 2, 27, 1, 1, 4, 0, 715 
1230373, 2, 28, 1, 2, 4, 0, 818 
1230373, 2, 29, 1, 1, 8, 0, 1573 
1230373, 2, 30, 1, 2, 16, 0, 739 
1230373, 2, 31, 1, 1, 16, 0, 870 
1230373, 2, 32, 1, 1, 8, 1, 1009 
1230373, 2, 33, 2, 1, 16, 0, 1020 
1230373, 2, 34, 1, 1, 4, 1, 971 
1230373, 2, 35, 2, 1, 16, 0, 1725 
1230373, 2, 36, 1, 2, 4, 0, 1192 
1230373, 2, 37, 1, 2, 4, 0, 793 
1230373, 2, 38, 1, 2, 16, 0, 696 
1230373, 2, 39, 1, 2, 4, 0, 1305 
1230373, 2, 40, 2, 1, 16, 0, 1501 
1230373, 2, 41, 2, 2, 16, 0, 999 
1230373, 2, 42, 2, 1, 8, 1, 887 
1230373, 2, 43, 1, 1, 4, 0, 1001 
1230373, 2, 44, 1, 1, 16, 0, 1416 
1230373, 2, 45, 2, 2, 4, 0, 859 
1230373, 2, 46, 1, 2, 4, 0, 812 
1230373, 2, 47, 2, 2, 16, 0, 698 
1230373, 2, 48, 2, 1, 8, 0, 1243 
1230373, 2, 49, 1, 2, 4, 0, 743 
1230373, 2, 50, 1, 2, 16, 0, 1179 
1230373, 2, 51, 2, 1, 8, 0, 1271 
1230373, 2, 52, 2, 2, 8, 0, 720 
1230373, 2, 53, 1, 2, 4, 0, 840 
1230373, 2, 54, 2, 2, 8, 0, 999 
1230373, 2, 55, 2, 2, 8, 0, 640 
1230373, 2, 56, 2, 2, 8, 0, 569 
1230373, 2, 57, 2, 2, 8, 0, 619 
1230373, 2, 58, 2, 1, 16, 0, 1276 
1230373, 2, 59, 1, 1, 16, 0, 1142 
1230373, 2, 60, 1, 2, 4, 0, 796 
1230373, 2, 61, 1, 2, 4, 0, 649 
1230373, 2, 62, 2, 2, 16, 0, 732 
1230373, 2, 63, 1, 2, 8, 0, 854 
1230373, 2, 64, 2, 2, 8, 0, 668 
1230373, 2, 65, 2, 2, 8, 0, 700 
1230373, 2, 66, 1, 1, 8, 0, 731 
1230373, 2, 67, 2, 1, 8, 0, 831 
1230373, 2, 68, 2, 2, 4, 0, 647 
1230373, 2, 69, 2, 2, 16, 0, 616 
1230373, 2, 70, 1, 2, 16, 1, 523 
1230373, 2, 71, 1, 1, 4, 0, 1211 
1230373, 2, 72, 2, 1, 8, 0, 1292 
1230373, 2, 73, 1, 1, 4, 0, 1113 
1230373, 2, 74, 2, 1, 16, 0, 1242 
1230373, 2, 75, 1, 1, 4, 0, 861 
1230373, 2, 76, 1, 1, 8, 0, 1016 
1230373, 2, 77, 1, 1, 16, 1, 666 
1230373, 2, 78, 2, 1, 16, 0, 1161 
1230373, 2, 79, 2, 2, 16, 0, 700 
1230373, 2, 80, 2, 2, 16, 0, 728 
1230373, 2, 81, 1, 2, 8, 0, 682 
1230373, 2, 82, 1, 2, 16, 0, 708 
1230373, 2, 83, 2, 2, 4, 0, 829 
1230373, 2, 84, 1, 2, 16, 0, 675 
1230373, 2, 85, 1, 2, 8, 0, 715 
1230373, 2, 86, 2, 1, 16, 0, 2191 
1230373, 2, 87, 2, 1, 4, 0, 1148 
1230373, 2, 88, 1, 2, 16, 0, 822 
1230373, 2, 89, 2, 1, 4, 0, 860 
1230373, 2, 90, 2, 1, 4, 0, 780 
1230373, 2, 91, 1, 2, 8, 0, 934 
1230373, 2, 92, 2, 2, 8, 0, 908 
1230373, 2, 93, 2, 1, 16, 0, 1036 
1230373, 2, 94, 2, 1, 4, 0, 617 
1230373, 2, 95, 1, 1, 8, 0, 861 
1230373, 2, 96, 1, 1, 8, 1, 874 
1230373, 2, 97, 2, 1, 4, 0, 1036 
1230373, 2, 98, 1, 2, 8, 0, 1245 
1230373, 2, 99, 2, 2, 16, 0, 759 
1230373, 2, 100, 2, 2, 8, 1, 673 
1230373, 2, 101, 2, 2, 4, 0, 651 
1230373, 2, 102, 1, 1, 16, 1, 950 
1230373, 2, 103, 1, 2, 16, 0, 888 
1230373, 2, 104, 1, 2, 4, 0, 892 
1230373, 2, 105, 2, 1, 4, 0, 1221 
1230373, 2, 106, 1, 2, 16, 0, 708 
1230373, 2, 107, 2, 2, 16, 0, 820 
1230373, 2, 108, 1, 2, 8, 0, 712 
1230373, 2, 109, 2, 2, 4, 0, 673 
1230373, 2, 110, 1, 1, 4, 0, 1292 
1230373, 2, 111, 1, 2, 8, 0, 651 
1230373, 2, 112, 1, 1, 16, 0, 1740 
1230373, 2, 113, 2, 1, 16, 0, 1177 
1230373, 2, 114, 2, 1, 16, 0, 1031 
1230373, 2, 115, 1, 2, 8, 0, 834 
1230373, 2, 116, 1, 2, 4, 0, 551 
1230373, 2, 117, 1, 2, 8, 0, 617 
1230373, 2, 118, 2, 2, 8, 0, 817 
1230373, 2, 119, 1, 2, 8, 0, 633 
1230373, 2, 120, 2, 2, 16, 0, 699 
1230373, 2, 121, 2, 1, 4, 0, 876 
1230373, 2, 122, 2, 2, 8, 0, 956 
1230373, 2, 123, 2, 1, 4, 0, 792 
1230373, 2, 124, 2, 2, 16, 0, 681 
1230373, 2, 125, 2, 2, 4, 0, 504 
1230373, 2, 126, 1, 1, 16, 0, 1263 
1230373, 2, 127, 1, 1, 4, 1, 1045 
1230373, 2, 128, 2, 1, 16, 0, 1799 
1230373, 2, 129, 2, 2, 4, 0, 1273 
1230373, 2, 130, 2, 1, 8, 0, 1412 
1230373, 2, 131, 2, 1, 16, 0, 729 
1230373, 2, 132, 1, 1, 16, 1, 1120 
1230373, 2, 133, 1, 1, 16, 0, 1287 
1230373, 2, 134, 1, 1, 4, 0, 1195 
1230373, 2, 135, 2, 2, 16, 0, 721 
1230373, 2, 136, 2, 1, 8, 0, 1157 
1230373, 2, 137, 1, 1, 8, 0, 802 
1230373, 2, 138, 2, 1, 8, 0, 1626 
1230373, 2, 139, 1, 1, 4, 0, 1171 
1230373, 2, 140, 2, 1, 16, 0, 1307 
1230373, 2, 141, 1, 1, 4, 0, 716 
1230373, 2, 142, 2, 2, 16, 0, 976 
1230373, 2, 143, 1, 1, 8, 0, 1076 
1230373, 2, 144, 1, 1, 8, 0, 964 
1230373, 2, 145, 1, 2, 16, 0, 689 
1230373, 2, 146, 1, 2, 8, 0, 690 
1230373, 2, 147, 1, 2, 4, 0, 590 
1230373, 2, 148, 1, 2, 4, 0, 646 
1230373, 2, 149, 2, 2, 4, 0, 816 
1230373, 2, 150, 1, 1, 8, 0, 1698 
1230373, 2, 151, 2, 2, 8, 0, 772 
1230373, 2, 152, 1, 2, 8, 0, 723 
1230373, 2, 153, 1, 2, 16, 0, 865 
1230373, 2, 154, 2, 2, 8, 0, 674 
1230373, 2, 155, 2, 1, 8, 0, 1107 
1230373, 2, 156, 1, 2, 8, 0, 756 
1230373, 2, 157, 1, 2, 8, 0, 661 
1230373, 2, 158, 1, 1, 4, 0, 885 
1230373, 2, 159, 2, 2, 4, 0, 720 
1230373, 2, 160, 1, 1, 8, 0, 1320 
1230373, 2, 161, 2, 2, 8, 0, 688 
1230373, 2, 162, 2, 1, 8, 0, 1173 
1230373, 2, 163, 2, 2, 8, 1, 808 
1230373, 2, 164, 1, 1, 8, 0, 811 
1230373, 2, 165, 2, 1, 8, 0, 792 
1230373, 2, 166, 2, 1, 4, 0, 956 
1230373, 2, 167, 2, 2, 16, 0, 793 
1230373, 2, 168, 2, 1, 16, 0, 849 
1230373, 2, 169, 1, 1, 8, 1, 716 
1230373, 2, 170, 2, 2, 16, 0, 636 
1230373, 2, 171, 2, 1, 8, 0, 1118 
1230373, 2, 172, 1, 1, 4, 1, 748 
1230373, 2, 173, 1, 1, 4, 0, 849 
1230373, 2, 174, 1, 2, 16, 0, 723 
1230373, 2, 175, 1, 2, 4, 0, 571 
1230373, 2, 176, 2, 1, 4, 0, 801 
1230373, 2, 177, 2, 2, 4, 0, 836 
1230373, 2, 178, 2, 1, 4, 0, 884 
1230373, 2, 179, 2, 2, 4, 0, 1589 
1230373, 2, 180, 1, 1, 4, 0, 931 
1230373, 2, 181, 2, 2, 4, 0, 800 
1230373, 2, 182, 2, 1, 8, 0, 1188 
1230373, 2, 183, 1, 1, 4, 0, 867 
1230373, 2, 184, 2, 2, 16, 0, 594 
1230373, 2, 185, 1, 1, 8, 0, 1760 
1230373, 2, 186, 2, 1, 4, 0, 844 
1230373, 2, 187, 2, 2, 16, 1, 788 
1230373, 2, 188, 1, 1, 16, 0, 1084 
1230373, 2, 189, 2, 2, 16, 0, 595 
1230373, 2, 190, 2, 2, 4, 0, 660 
1230373, 2, 191, 2, 1, 8, 0, 1073 
1230373, 2, 192, 2, 1, 4, 0, 722 
1230373, 2, 193, 2, 1, 16, 0, 1295 
1230373, 2, 194, 2, 1, 4, 0, 699 
1230373, 2, 195, 2, 2, 4, 0, 740 
1230373, 2, 196, 2, 2, 8, 0, 578 
1230373, 2, 197, 2, 2, 16, 0, 607 
1230373, 2, 198, 1, 1, 16, 0, 1026 
1230373, 2, 199, 2, 1, 16, 0, 1155 
1230373, 2, 200, 1, 2, 16, 0, 789 
1230373, 2, 201, 1, 2, 8, 0, 690 
1230373, 2, 202, 1, 1, 16, 0, 899 
1230373, 2, 203, 2, 1, 4, 0, 740 
1230373, 2, 204, 1, 2, 16, 0, 691 
1230373, 2, 205, 1, 1, 4, 0, 1204 
1230373, 2, 206, 1, 2, 16, 0, 594 
1230373, 2, 207, 1, 1, 16, 0, 1216 
1230373, 2, 208, 2, 2, 4, 0, 707 
1230373, 2, 209, 2, 1, 8, 0, 1139 
1230373, 2, 210, 1, 2, 8, 0, 724 
1230373, 2, 211, 2, 1, 4, 0, 658 
1230373, 2, 212, 2, 1, 4, 0, 581 
1230373, 2, 213, 2, 2, 16, 0, 781 
1230373, 2, 214, 1, 1, 16, 1, 733 
1230373, 2, 215, 1, 1, 4, 1, 965 
1230373, 2, 216, 1, 1, 16, 0, 1209 
1230373, 2, 217, 1, 1, 8, 1, 1553 
1230373, 2, 218, 2, 1, 4, 0, 1033 
1230373, 2, 219, 2, 2, 8, 0, 832 
1230373, 2, 220, 2, 2, 4, 0, 532 
1230373, 2, 221, 1, 1, 8, 0, 1303 
1230373, 2, 222, 1, 1, 4, 0, 1105 
1230373, 2, 223, 1, 1, 16, 0, 1349 
1230373, 2, 224, 1, 1, 8, 0, 996 
1230373, 2, 225, 2, 2, 4, 0, 626 
1230373, 2, 226, 1, 2, 8, 0, 899 
1230373, 2, 227, 2, 2, 16, 0, 620 
1230373, 2, 228, 1, 2, 8, 0, 833 
1230373, 2, 229, 2, 2, 8, 0, 563 
1230373, 2, 230, 1, 2, 16, 0, 799 
1230373, 2, 231, 2, 2, 8, 0, 645 
1230373, 2, 232, 1, 1, 4, 0, 651 
1230373, 2, 233, 2, 1, 8, 1, 712 
1230373, 2, 234, 2, 1, 4, 0, 800 
1230373, 2, 235, 2, 2, 4, 0, 724 
1230373, 2, 236, 1, 2, 8, 0, 846 
1230373, 2, 237, 1, 1, 8, 0, 1011 
1230373, 2, 238, 1, 1, 16, 0, 900 
1230373, 2, 239, 1, 2, 16, 1, 580 
1230373, 2, 240, 2, 2, 4, 0, 677 

1230373, 1, 1, 1, 2, 16, 0, 3249 
1230373, 1, 2, 1, 1, 16, 1, 399 
1230373, 1, 3, 1, 2, 16, 0, 69 
1230373, 1, 4, 2, 2, 4, 1, 12 
1230373, 1, 5, 2, 1, 4, 0, 711 

1230373, 1, 1, 1, 1, 4, 3, 0 
1230373, 1, 2, 1, 2, 8, 0, 571 
1230373, 1, 3, 2, 1, 16, 1, 0 
1230373, 1, 4, 1, 1, 16, 0, 868 

1230373, 1, 1, 1, 1, 16, 0, 990 
1230373, 1, 2, 2, 1, 4, 1, 505 
1230373, 1, 3, 2, 1, 8, 1, 0 

1230373, 1, 1, 1, 2, 8, 0, 1005 
1230373, 1, 2, 2, 2, 16, 1, 2985 
1230373, 1, 3, 1, 1, 4, 0, 1272 
1230373, 1, 4, 2, 1, 8, 0, 1207 

1230373, 1, 1, 1, 1, 8, 0, 1063 
1230373, 1, 2, 1, 2, 8, 0, 612 
1230373, 1, 3, 2, 2, 8, 1, 1098 

1230373, 1, 1, 1, 1, 16, 0, 2232 
1230373, 1, 2, 1, 2, 8, 0, 325 


1230373, 1, 1, 1, 1, 4, 1, 17 
1230373, 1, 2, 2, 1, 16, 0, 87 
1230373, 1, 3, 2, 1, 8, 0, 0 
1230373, 1, 4, 2, 2, 8, 0, 0 
1230373, 1, 5, 1, 1, 4, 1, 1 
1230373, 1, 6, 1, 1, 4, 1, 0 
1230373, 1, 7, 1, 2, 4, 1, 0 
1230373, 1, 8, 1, 2, 8, 1, 291 
1230373, 1, 9, 2, 1, 16, 0, 67 
1230373, 1, 10, 2, 1, 16, 0, 364 
1230373, 1, 11, 1, 1, 4, 1, 334 
1230373, 1, 12, 1, 1, 8, 1, 569 
1230373, 2, 1, 2, 1, 16, 1, 772 
1230373, 2, 2, 1, 1, 4, 0, 807 
1230373, 2, 3, 1, 2, 4, 0, 789 
1230373, 2, 4, 1, 2, 4, 0, 591 
1230373, 2, 5, 1, 1, 4, 0, 850 
1230373, 2, 6, 2, 1, 16, 0, 2192 
1230373, 2, 7, 2, 1, 8, 0, 1010 
1230373, 2, 8, 2, 2, 4, 0, 747 
1230373, 2, 9, 2, 1, 8, 0, 1326 
1230373, 2, 10, 1, 1, 4, 0, 867 
1230373, 2, 11, 2, 1, 16, 0, 1220 
1230373, 2, 12, 2, 1, 4, 0, 879 
1230373, 2, 13, 1, 2, 16, 0, 1043 
1230373, 2, 14, 2, 1, 4, 0, 869 
1230373, 2, 15, 2, 2, 4, 0, 755 
1230373, 2, 16, 2, 1, 16, 0, 1514 
1230373, 2, 17, 2, 2, 4, 0, 736 
1230373, 2, 18, 1, 2, 16, 0, 787 
1230373, 2, 19, 2, 2, 4, 0, 644 
1230373, 2, 20, 2, 1, 4, 0, 788 
1230373, 2, 21, 1, 2, 4, 0, 882 
1230373, 2, 22, 2, 2, 8, 0, 662 
1230373, 2, 23, 2, 1, 16, 0, 1711 
1230373, 2, 24, 2, 2, 8, 0, 564 
1230373, 2, 25, 2, 1, 16, 0, 722 
1230373, 2, 26, 2, 1, 8, 0, 1356 
1230373, 2, 27, 1, 2, 8, 0, 784 
1230373, 2, 28, 1, 1, 4, 0, 1043 
1230373, 2, 29, 1, 2, 16, 0, 1019 
1230373, 2, 30, 1, 1, 4, 0, 1010 
1230373, 2, 31, 1, 2, 4, 0, 658 
1230373, 2, 32, 2, 2, 16, 0, 644 
1230373, 2, 33, 1, 2, 4, 0, 658 
1230373, 2, 34, 2, 2, 4, 0, 596 
1230373, 2, 35, 1, 2, 8, 0, 609 
1230373, 2, 36, 1, 1, 16, 1, 996 
1230373, 2, 37, 1, 1, 16, 1, 1346 
1230373, 2, 38, 1, 1, 8, 1, 910 
1230373, 2, 39, 1, 1, 16, 0, 2137 
1230373, 2, 40, 1, 2, 16, 0, 857 
1230373, 2, 41, 2, 1, 4, 0, 877 
1230373, 2, 42, 1, 1, 8, 1, 1394 
1230373, 2, 43, 1, 1, 4, 0, 1094 
1230373, 2, 44, 2, 1, 4, 1, 1061 
1230373, 2, 45, 2, 2, 4, 0, 716 
1230373, 2, 46, 1, 1, 16, 0, 1535 
1230373, 2, 47, 2, 2, 4, 0, 731 
1230373, 2, 48, 2, 2, 8, 0, 962 
1230373, 2, 49, 2, 2, 4, 0, 596 
1230373, 2, 50, 2, 2, 4, 0, 641 
1230373, 2, 51, 2, 2, 4, 0, 704 
1230373, 2, 52, 1, 1, 8, 0, 1247 
1230373, 2, 53, 2, 1, 16, 0, 2401 
1230373, 2, 54, 1, 1, 4, 0, 962 
1230373, 2, 55, 2, 1, 8, 0, 1476 
1230373, 2, 56, 2, 2, 4, 0, 705 
1230373, 2, 57, 1, 1, 16, 0, 1938 
1230373, 2, 58, 2, 2, 4, 0, 763 
1230373, 2, 59, 1, 2, 4, 0, 804 
1230373, 2, 60, 1, 2, 4, 0, 628 
1230373, 2, 61, 2, 2, 16, 0, 882 
1230373, 2, 62, 1, 2, 16, 0, 594 
1230373, 2, 63, 2, 2, 16, 0, 817 
1230373, 2, 64, 1, 2, 16, 0, 680 
1230373, 2, 65, 1, 1, 8, 0, 1367 
1230373, 2, 66, 2, 2, 4, 0, 739 
1230373, 2, 67, 1, 2, 8, 0, 756 
1230373, 2, 68, 1, 2, 4, 0, 576 
1230373, 2, 69, 1, 2, 8, 0, 606 
1230373, 2, 70, 2, 1, 8, 0, 1202 
1230373, 2, 71, 1, 2, 16, 0, 617 
1230373, 2, 72, 2, 1, 4, 0, 906 
1230373, 2, 73, 1, 1, 8, 0, 976 
1230373, 2, 74, 2, 1, 8, 0, 1217 
1230373, 2, 75, 2, 2, 8, 0, 859 
1230373, 2, 76, 2, 1, 8, 0, 1525 
1230373, 2, 77, 2, 1, 4, 0, 641 
1230373, 2, 78, 1, 2, 8, 0, 745 
1230373, 2, 79, 2, 2, 8, 0, 699 
1230373, 2, 80, 2, 1, 16, 0, 2419 
1230373, 2, 81, 1, 2, 4, 0, 702 
1230373, 2, 82, 2, 2, 8, 0, 552 
1230373, 2, 83, 1, 1, 16, 0, 1579 
1230373, 2, 84, 1, 1, 4, 1, 807 
1230373, 2, 85, 1, 1, 8, 0, 1138 
1230373, 2, 86, 2, 2, 8, 0, 816 
1230373, 2, 87, 1, 1, 16, 0, 897 
1230373, 2, 88, 1, 2, 4, 0, 929 
1230373, 2, 89, 2, 2, 4, 0, 674 
1230373, 2, 90, 1, 1, 8, 0, 1187 
1230373, 2, 91, 2, 2, 16, 0, 730 
1230373, 2, 92, 2, 2, 4, 0, 968 
1230373, 2, 93, 1, 1, 4, 0, 1149 
1230373, 2, 94, 1, 1, 16, 0, 2019 
1230373, 2, 95, 1, 1, 16, 0, 1945 
1230373, 2, 96, 2, 1, 4, 0, 834 
1230373, 2, 97, 2, 1, 4, 0, 1747 
1230373, 2, 98, 1, 2, 16, 0, 782 
1230373, 2, 99, 2, 1, 8, 0, 1900 
1230373, 2, 100, 1, 2, 8, 0, 798 
1230373, 2, 101, 1, 2, 16, 0, 1199 
1230373, 2, 102, 1, 1, 16, 0, 1280 
1230373, 2, 103, 1, 1, 8, 0, 1137 
1230373, 2, 104, 1, 1, 4, 0, 769 
1230373, 2, 105, 2, 1, 4, 0, 1090 
1230373, 2, 106, 1, 2, 4, 0, 872 
1230373, 2, 107, 1, 1, 16, 0, 1955 
1230373, 2, 108, 1, 2, 8, 1, 787 
1230373, 2, 109, 2, 2, 16, 0, 730 
1230373, 2, 110, 2, 2, 8, 0, 756 
1230373, 2, 111, 1, 1, 4, 0, 1104 
1230373, 2, 112, 2, 2, 16, 0, 866 
1230373, 2, 113, 1, 2, 16, 0, 825 
1230373, 2, 114, 2, 2, 8, 0, 677 
1230373, 2, 115, 2, 1, 8, 0, 2355 
1230373, 2, 116, 2, 1, 4, 0, 902 
1230373, 2, 117, 1, 2, 16, 0, 752 
1230373, 2, 118, 1, 1, 4, 0, 918 
1230373, 2, 119, 2, 1, 16, 0, 2248 
1230373, 2, 120, 1, 2, 8, 0, 761 
1230373, 2, 121, 2, 2, 4, 0, 609 
1230373, 2, 122, 1, 2, 16, 0, 609 
1230373, 2, 123, 2, 1, 16, 0, 1741 
1230373, 2, 124, 2, 1, 4, 0, 673 
1230373, 2, 125, 1, 1, 8, 0, 930 
1230373, 2, 126, 2, 2, 4, 0, 723 
1230373, 2, 127, 2, 2, 4, 0, 1055 
1230373, 2, 128, 2, 1, 8, 0, 1230 
1230373, 2, 129, 1, 2, 8, 0, 681 
1230373, 2, 130, 2, 1, 16, 0, 652 
1230373, 2, 131, 1, 2, 4, 0, 1087 
1230373, 2, 132, 2, 1, 8, 0, 651 
1230373, 2, 133, 1, 2, 8, 0, 674 
1230373, 2, 134, 1, 1, 8, 0, 1387 
1230373, 2, 135, 2, 2, 16, 0, 759 
1230373, 2, 136, 2, 2, 16, 0, 677 
1230373, 2, 137, 1, 2, 8, 1, 523 
1230373, 2, 138, 2, 1, 16, 0, 2486 
1230373, 2, 139, 1, 1, 8, 1, 893 
1230373, 2, 140, 1, 1, 4, 0, 788 
1230373, 2, 141, 2, 1, 16, 0, 1914 
1230373, 2, 142, 2, 2, 16, 0, 948 
1230373, 2, 143, 2, 1, 8, 0, 1199 
1230373, 2, 144, 2, 2, 8, 0, 661 
1230373, 2, 145, 1, 2, 8, 0, 769 
1230373, 2, 146, 1, 1, 4, 0, 773 
1230373, 2, 147, 1, 2, 8, 0, 1005 
1230373, 2, 148, 1, 2, 8, 0, 659 
1230373, 2, 149, 2, 2, 8, 0, 717 
1230373, 2, 150, 1, 2, 4, 0, 565 
1230373, 2, 151, 2, 1, 16, 0, 2131 
1230373, 2, 152, 2, 1, 8, 0, 1262 
1230373, 2, 153, 1, 1, 4, 0, 747 
1230373, 2, 154, 2, 2, 8, 0, 603 
1230373, 2, 155, 1, 2, 16, 0, 722 
1230373, 2, 156, 1, 2, 16, 0, 647 
1230373, 2, 157, 1, 2, 16, 0, 707 
1230373, 2, 158, 2, 1, 4, 0, 1502 
1230373, 2, 159, 2, 1, 4, 0, 1076 
1230373, 2, 160, 1, 1, 16, 0, 1175 
1230373, 2, 161, 1, 2, 16, 0, 938 
1230373, 2, 162, 1, 1, 4, 0, 721 
1230373, 2, 163, 2, 1, 16, 0, 2108 
1230373, 2, 164, 2, 1, 8, 0, 1456 
1230373, 2, 165, 2, 2, 16, 0, 723 
1230373, 2, 166, 1, 1, 4, 0, 597 
1230373, 2, 167, 2, 2, 8, 0, 916 
1230373, 2, 168, 2, 1, 8, 0, 1668 
1230373, 2, 169, 2, 2, 4, 1, 845 
1230373, 2, 170, 2, 1, 16, 0, 1971 
1230373, 2, 171, 2, 2, 4, 1, 1075 
1230373, 2, 172, 2, 1, 8, 0, 1251 
1230373, 2, 173, 1, 1, 8, 0, 1107 
1230373, 2, 174, 1, 2, 8, 0, 818 
1230373, 2, 175, 1, 2, 16, 0, 682 
1230373, 2, 176, 2, 1, 4, 0, 858 
1230373, 2, 177, 1, 1, 16, 0, 930 
1230373, 2, 178, 1, 2, 4, 0, 651 
1230373, 2, 179, 1, 2, 16, 0, 709 
1230373, 2, 180, 2, 2, 8, 0, 609 
1230373, 2, 181, 1, 1, 8, 0, 1170 
1230373, 2, 182, 1, 1, 8, 0, 1345 
1230373, 2, 183, 2, 2, 16, 0, 719 
1230373, 2, 184, 1, 1, 16, 0, 2097 
1230373, 2, 185, 1, 1, 16, 0, 1635 
1230373, 2, 186, 2, 2, 8, 0, 665 
1230373, 2, 187, 1, 2, 8, 0, 608 
1230373, 2, 188, 1, 2, 8, 0, 618 
1230373, 2, 189, 2, 2, 16, 0, 658 
1230373, 2, 190, 1, 2, 4, 0, 566 
1230373, 2, 191, 2, 1, 8, 0, 1817 
1230373, 2, 192, 2, 1, 4, 0, 686 
1230373, 2, 193, 1, 2, 8, 0, 664 
1230373, 2, 194, 1, 2, 4, 0, 548 
1230373, 2, 195, 1, 1, 8, 0, 913 
1230373, 2, 196, 1, 1, 4, 0, 880 
1230373, 2, 197, 2, 1, 8, 0, 813 
1230373, 2, 198, 2, 1, 4, 0, 863 
1230373, 2, 199, 1, 1, 8, 0, 634 
1230373, 2, 200, 2, 2, 16, 0, 908 
1230373, 2, 201, 2, 2, 16, 0, 593 
1230373, 2, 202, 2, 2, 16, 0, 530 
1230373, 2, 203, 2, 1, 16, 0, 1912 
1230373, 2, 204, 1, 1, 8, 0, 1236 
1230373, 2, 205, 1, 2, 8, 0, 755 
1230373, 2, 206, 1, 1, 16, 0, 1496 
1230373, 2, 207, 1, 2, 4, 0, 604 
1230373, 2, 208, 1, 1, 8, 0, 1024 
1230373, 2, 209, 2, 2, 8, 0, 818 
1230373, 2, 210, 1, 2, 4, 0, 678 
1230373, 2, 211, 2, 1, 4, 0, 891 
1230373, 2, 212, 1, 1, 4, 0, 914 
1230373, 2, 213, 2, 2, 8, 0, 791 
1230373, 2, 214, 1, 2, 8, 0, 676 
1230373, 2, 215, 2, 2, 16, 0, 825 
1230373, 2, 216, 2, 1, 16, 0, 2142 
1230373, 2, 217, 2, 2, 16, 1, 635 
1230373, 2, 218, 1, 1, 16, 0, 1258 
1230373, 2, 219, 2, 1, 8, 0, 1489 
1230373, 2, 220, 2, 1, 16, 0, 1511 
1230373, 2, 221, 2, 2, 16, 0, 851 
1230373, 2, 222, 2, 2, 16, 0, 549 
1230373, 2, 223, 1, 2, 4, 0, 1074 
1230373, 2, 224, 2, 2, 16, 0, 689 
1230373, 2, 225, 2, 1, 4, 0, 878 
1230373, 2, 226, 1, 2, 4, 0, 780 
1230373, 2, 227, 1, 1, 8, 0, 1442 
1230373, 2, 228, 1, 1, 4, 0, 666 
1230373, 2, 229, 1, 1, 16, 0, 1344 
1230373, 2, 230, 1, 2, 16, 0, 739 
1230373, 2, 231, 2, 2, 8, 0, 608 
1230373, 2, 232, 1, 1, 8, 0, 626 
1230373, 2, 233, 2, 1, 16, 0, 1862 
1230373, 2, 234, 1, 1, 16, 0, 1512 
1230373, 2, 235, 2, 2, 8, 0, 736 
1230373, 2, 236, 2, 2, 8, 0, 558 
1230373, 2, 237, 2, 1, 8, 0, 1160 
1230373, 2, 238, 1, 1, 16, 0, 760 
1230373, 2, 239, 1, 2, 16, 1, 557 
1230373, 2, 240, 2, 1, 4, 0, 725 

