subject, practice/real, trial#, target/nontarget, target type, setsize, error, responsetime 
1230394 , 1, 1, 2, 2, 16, 2, 1410 
1230394 , 1, 2, 1, 1, 4, 0, 4517 
1230394 , 1, 3, 1, 1, 16, 0, 663 
1230394 , 1, 4, 1, 2, 16, 1, 452 

1230394 , 1, 1, 1, 2, 16, 0, 2389 
1230394 , 1, 2, 1, 2, 16, 0, 455 
1230394 , 1, 3, 2, 1, 4, 0, 23 

1230394 , 1, 1, 1, 2, 4, 0, 2405 

1230394 , 1, 1, 1, 2, 4, 1, 1930 
1230394 , 1, 2, 2, 2, 16, 1, 34 

1230394 , 1, 1, 2, 1, 16, 2, 1046 
1230394 , 1, 2, 1, 2, 16, 2, 0 
1230394 , 1, 3, 1, 2, 16, 0, 2365 
1230394 , 1, 4, 2, 1, 16, 0, 612 
1230394 , 1, 5, 2, 2, 16, 0, 1 

1230394 , 1, 1, 2, 2, 4, 1, 1866 
1230394 , 1, 2, 2, 1, 4, 1, 0 
1230394 , 1, 3, 2, 2, 16, 0, 384 

1230394 , 1, 1, 2, 2, 8, 1, 3129 
1230394 , 1, 2, 1, 2, 16, 2, 478 
1230394 , 1, 3, 1, 1, 8, 0, 2871 
1230394 , 1, 4, 2, 1, 4, 0, 1064 
1230394 , 1, 5, 2, 2, 16, 1, 1720 
1230394 , 1, 6, 1, 2, 16, 0, 1142 
1230394 , 1, 7, 2, 2, 8, 0, 1611 

1230394 , 1, 1, 2, 2, 8, 1, 4966 
1230394 , 1, 2, 1, 2, 4, 1, 81 
1230394 , 1, 3, 2, 2, 8, 1, 1013 
1230394 , 1, 4, 1, 1, 8, 1, 2839 

1230394 , 1, 1, 2, 2, 4, 0, 2476 
1230394 , 1, 2, 2, 1, 8, 0, 1398 
1230394 , 1, 3, 1, 1, 8, 0, 886 
1230394 , 1, 4, 2, 1, 8, 0, 3455 

1230394 , 1, 1, 2, 2, 16, 3, 0 
1230394 , 1, 2, 1, 1, 16, 1, 4489 
1230394 , 1, 3, 2, 1, 8, 0, 1224 

1230394 , 1, 1, 1, 1, 4, 0, 2635 
1230394 , 1, 2, 1, 1, 4, 2, 534 

1230394, 1, 1, 1, 2, 8, 0, 831 
1230394, 1, 2, 2, 1, 8, 1, 568 

1230394, 1, 1, 1, 1, 16, 0, 1221 
1230394, 1, 2, 2, 1, 4, 0, 599 
1230394, 1, 3, 1, 1, 16, 0, 548 
1230394, 1, 4, 1, 2, 4, 1, 572 
1230394, 1, 5, 1, 1, 16, 0, 703 
1230394, 1, 6, 1, 2, 16, 0, 583 
1230394, 1, 7, 1, 2, 16, 0, 511 
1230394, 1, 8, 2, 1, 4, 0, 583 
1230394, 1, 9, 1, 2, 8, 0, 552 
1230394, 1, 10, 2, 2, 16, 0, 579 
1230394, 1, 11, 2, 2, 8, 0, 615 
1230394, 1, 12, 1, 1, 4, 0, 648 
1230394, 2, 1, 1, 1, 4, 0, 537 
1230394, 2, 2, 1, 2, 16, 0, 713 
1230394, 2, 3, 2, 2, 16, 1, 1023 
1230394, 2, 4, 1, 1, 16, 0, 680 
1230394, 2, 5, 1, 2, 4, 0, 678 
1230394, 2, 6, 1, 2, 8, 0, 779 
1230394, 2, 7, 1, 1, 4, 1, 616 
1230394, 2, 8, 1, 1, 16, 0, 617 
1230394, 2, 9, 1, 1, 8, 0, 566 
1230394, 2, 10, 1, 1, 16, 0, 841 
1230394, 2, 11, 1, 1, 8, 0, 792 
1230394, 2, 12, 1, 1, 4, 0, 726 
1230394, 2, 13, 1, 1, 8, 0, 600 
1230394, 2, 14, 2, 1, 4, 1, 812 
1230394, 2, 15, 2, 1, 8, 0, 838 
1230394, 2, 16, 2, 2, 8, 0, 718 
1230394, 2, 17, 1, 1, 16, 1, 728 
1230394, 2, 18, 2, 2, 16, 0, 679 
1230394, 2, 19, 2, 2, 8, 0, 569 
1230394, 2, 20, 2, 2, 4, 0, 641 
1230394, 2, 21, 1, 2, 16, 0, 842 
1230394, 2, 22, 2, 2, 8, 0, 757 
1230394, 2, 23, 1, 1, 4, 0, 1244 
1230394, 2, 24, 2, 2, 4, 0, 588 
1230394, 2, 25, 1, 1, 4, 0, 1017 
1230394, 2, 26, 2, 1, 8, 0, 730 
1230394, 2, 27, 2, 1, 8, 0, 668 
1230394, 2, 28, 1, 1, 8, 0, 629 
1230394, 2, 29, 1, 1, 8, 0, 537 
1230394, 2, 30, 2, 1, 8, 0, 815 
1230394, 2, 31, 2, 1, 16, 1, 707 
1230394, 2, 32, 1, 2, 16, 0, 698 
1230394, 2, 33, 2, 1, 8, 0, 712 
1230394, 2, 34, 2, 2, 16, 0, 696 
1230394, 2, 35, 1, 2, 4, 0, 632 
1230394, 2, 36, 1, 2, 4, 0, 747 
1230394, 2, 37, 1, 1, 16, 1, 699 
1230394, 2, 38, 2, 2, 8, 0, 600 
1230394, 2, 39, 1, 2, 16, 0, 683 
1230394, 2, 40, 1, 1, 8, 0, 841 
1230394, 2, 41, 2, 2, 4, 0, 951 
1230394, 2, 42, 2, 1, 4, 0, 737 
1230394, 2, 43, 1, 1, 8, 0, 644 
1230394, 2, 44, 1, 2, 8, 0, 616 
1230394, 2, 45, 1, 2, 4, 0, 513 
1230394, 2, 46, 1, 1, 8, 0, 540 
1230394, 2, 47, 2, 2, 8, 0, 715 
1230394, 2, 48, 2, 2, 4, 0, 675 
1230394, 2, 49, 2, 1, 16, 0, 1094 
1230394, 2, 50, 1, 2, 16, 0, 773 
1230394, 2, 51, 1, 2, 8, 0, 630 
1230394, 2, 52, 1, 1, 8, 0, 667 
1230394, 2, 53, 1, 1, 16, 0, 647 
1230394, 2, 54, 2, 1, 4, 0, 691 
1230394, 2, 55, 2, 1, 16, 0, 755 
1230394, 2, 56, 1, 2, 4, 0, 652 
1230394, 2, 57, 2, 1, 16, 0, 713 
1230394, 2, 58, 2, 2, 4, 0, 681 
1230394, 2, 59, 2, 1, 8, 0, 953 
1230394, 2, 60, 2, 1, 16, 0, 786 
1230394, 2, 61, 2, 2, 16, 0, 635 
1230394, 2, 62, 2, 1, 16, 0, 570 
1230394, 2, 63, 1, 2, 8, 0, 683 
1230394, 2, 64, 1, 2, 16, 0, 551 
1230394, 2, 65, 1, 1, 16, 0, 650 
1230394, 2, 66, 2, 1, 4, 1, 586 
1230394, 2, 67, 2, 2, 8, 0, 528 
1230394, 2, 68, 2, 2, 8, 0, 571 
1230394, 2, 69, 2, 2, 16, 0, 651 
1230394, 2, 70, 2, 1, 16, 1, 612 
1230394, 2, 71, 2, 1, 4, 0, 1129 
1230394, 2, 72, 2, 1, 8, 0, 679 
1230394, 2, 73, 1, 1, 16, 0, 623 
1230394, 2, 74, 1, 2, 16, 0, 695 
1230394, 2, 75, 2, 2, 4, 0, 834 
1230394, 2, 76, 1, 1, 4, 0, 1017 
1230394, 2, 77, 2, 2, 16, 0, 600 
1230394, 2, 78, 2, 2, 4, 0, 551 
1230394, 2, 79, 2, 1, 4, 0, 858 
1230394, 2, 80, 1, 1, 4, 0, 1006 
1230394, 2, 81, 2, 1, 8, 0, 609 
1230394, 2, 82, 1, 1, 16, 0, 538 
1230394, 2, 83, 2, 2, 8, 0, 691 
1230394, 2, 84, 1, 1, 8, 0, 606 
1230394, 2, 85, 2, 2, 4, 0, 640 
1230394, 2, 86, 2, 2, 4, 0, 572 
1230394, 2, 87, 2, 1, 4, 0, 641 
1230394, 2, 88, 1, 2, 8, 1, 569 
1230394, 2, 89, 2, 1, 4, 0, 717 
1230394, 2, 90, 2, 1, 8, 0, 692 
1230394, 2, 91, 1, 2, 4, 0, 804 
1230394, 2, 92, 1, 2, 16, 1, 642 
1230394, 2, 93, 2, 1, 16, 0, 885 
1230394, 2, 94, 2, 2, 16, 0, 567 
1230394, 2, 95, 2, 1, 16, 1, 662 
1230394, 2, 96, 2, 2, 4, 0, 568 
1230394, 2, 97, 1, 1, 16, 0, 680 
1230394, 2, 98, 2, 1, 16, 0, 1177 
1230394, 2, 99, 2, 2, 8, 0, 740 
1230394, 2, 100, 2, 2, 8, 0, 1040 
1230394, 2, 101, 1, 1, 4, 0, 943 
1230394, 2, 102, 1, 2, 16, 0, 534 
1230394, 2, 103, 2, 2, 16, 1, 573 
1230394, 2, 104, 2, 1, 8, 0, 901 
1230394, 2, 105, 2, 1, 4, 0, 616 
1230394, 2, 106, 2, 2, 4, 0, 684 
1230394, 2, 107, 2, 1, 4, 0, 711 
1230394, 2, 108, 1, 2, 4, 0, 664 
1230394, 2, 109, 2, 2, 16, 0, 584 
1230394, 2, 110, 1, 1, 4, 0, 724 
1230394, 2, 111, 1, 1, 16, 0, 1033 
1230394, 2, 112, 1, 2, 4, 0, 552 
1230394, 2, 113, 1, 2, 4, 0, 631 
1230394, 2, 114, 2, 1, 16, 0, 952 
1230394, 2, 115, 1, 2, 16, 0, 692 
1230394, 2, 116, 2, 1, 16, 0, 717 
1230394, 2, 117, 1, 2, 8, 0, 554 
1230394, 2, 118, 2, 2, 4, 0, 649 
1230394, 2, 119, 2, 2, 4, 0, 893 
1230394, 2, 120, 2, 2, 16, 0, 678 
1230394, 2, 121, 1, 2, 16, 0, 508 
1230394, 2, 122, 1, 2, 16, 0, 539 
1230394, 2, 123, 1, 2, 16, 1, 522 
1230394, 2, 124, 2, 1, 4, 0, 729 
1230394, 2, 125, 1, 1, 4, 0, 515 
1230394, 2, 126, 2, 1, 8, 1, 1132 
1230394, 2, 127, 2, 1, 4, 1, 585 
1230394, 2, 128, 2, 2, 8, 0, 796 
1230394, 2, 129, 1, 2, 8, 0, 517 
1230394, 2, 130, 1, 1, 8, 1, 548 
1230394, 2, 131, 2, 1, 8, 0, 827 
1230394, 2, 132, 1, 1, 4, 0, 1113 
1230394, 2, 133, 2, 2, 16, 0, 644 
1230394, 2, 134, 2, 1, 16, 0, 695 
1230394, 2, 135, 1, 2, 4, 0, 587 
1230394, 2, 136, 1, 1, 8, 0, 1208 
1230394, 2, 137, 1, 2, 8, 0, 776 
1230394, 2, 138, 2, 1, 16, 0, 685 
1230394, 2, 139, 2, 2, 8, 0, 549 
1230394, 2, 140, 2, 1, 4, 0, 683 
1230394, 2, 141, 1, 2, 8, 0, 552 
1230394, 2, 142, 2, 2, 8, 0, 667 
1230394, 2, 143, 1, 1, 8, 1, 652 
1230394, 2, 144, 1, 2, 8, 0, 630 
1230394, 2, 145, 1, 1, 16, 0, 738 
1230394, 2, 146, 2, 2, 4, 0, 663 
1230394, 2, 147, 1, 1, 8, 0, 665 
1230394, 2, 148, 2, 2, 8, 0, 582 
1230394, 2, 149, 1, 1, 4, 0, 536 
1230394, 2, 150, 2, 1, 4, 0, 665 
1230394, 2, 151, 1, 1, 4, 0, 618 
1230394, 2, 152, 2, 2, 16, 0, 671 
1230394, 2, 153, 1, 2, 4, 0, 516 
1230394, 2, 154, 2, 1, 4, 0, 618 
1230394, 2, 155, 1, 2, 4, 0, 556 
1230394, 2, 156, 1, 1, 8, 1, 553 
1230394, 2, 157, 1, 1, 4, 0, 547 
1230394, 2, 158, 1, 2, 16, 0, 524 
1230394, 2, 159, 1, 1, 4, 0, 741 
1230394, 2, 160, 1, 1, 16, 1, 663 
1230394, 2, 161, 2, 2, 16, 0, 642 
1230394, 2, 162, 2, 1, 4, 0, 665 
1230394, 2, 163, 2, 2, 16, 1, 630 
1230394, 2, 164, 2, 2, 16, 0, 613 
1230394, 2, 165, 2, 1, 16, 0, 759 
1230394, 2, 166, 2, 2, 8, 0, 561 
1230394, 2, 167, 2, 2, 4, 0, 594 
1230394, 2, 168, 2, 1, 16, 0, 1384 
1230394, 2, 169, 2, 2, 8, 0, 758 
1230394, 2, 170, 1, 2, 4, 1, 570 
1230394, 2, 171, 2, 1, 8, 0, 780 
1230394, 2, 172, 2, 2, 16, 0, 614 
1230394, 2, 173, 2, 1, 8, 0, 756 
1230394, 2, 174, 1, 2, 8, 0, 600 
1230394, 2, 175, 2, 2, 4, 0, 795 
1230394, 2, 176, 1, 2, 16, 0, 767 
1230394, 2, 177, 1, 2, 8, 0, 679 
1230394, 2, 178, 1, 2, 4, 0, 677 
1230394, 2, 179, 1, 2, 8, 0, 554 
1230394, 2, 180, 2, 2, 16, 0, 597 
1230394, 2, 181, 1, 1, 16, 0, 1368 
1230394, 2, 182, 2, 1, 8, 0, 666 
1230394, 2, 183, 1, 1, 4, 0, 577 
1230394, 2, 184, 2, 1, 16, 0, 785 
1230394, 2, 185, 1, 2, 8, 0, 588 
1230394, 2, 186, 2, 2, 4, 1, 599 
1230394, 2, 187, 2, 1, 8, 0, 1033 
1230394, 2, 188, 1, 1, 16, 0, 729 
1230394, 2, 189, 2, 1, 8, 0, 1001 
1230394, 2, 190, 1, 2, 4, 0, 601 
1230394, 2, 191, 1, 2, 16, 0, 571 
1230394, 2, 192, 1, 1, 8, 1, 582 
1230394, 2, 193, 1, 2, 8, 0, 536 
1230394, 2, 194, 2, 1, 4, 0, 667 
1230394, 2, 195, 1, 1, 4, 0, 629 
1230394, 2, 196, 1, 2, 4, 0, 1049 
1230394, 2, 197, 2, 2, 16, 0, 662 
1230394, 2, 198, 2, 2, 16, 0, 537 
1230394, 2, 199, 1, 2, 8, 0, 611 
1230394, 2, 200, 1, 1, 4, 0, 679 
1230394, 2, 201, 2, 1, 4, 0, 605 
1230394, 2, 202, 2, 2, 4, 0, 699 
1230394, 2, 203, 2, 2, 8, 0, 567 
1230394, 2, 204, 1, 2, 16, 0, 552 
1230394, 2, 205, 1, 2, 8, 0, 552 
1230394, 2, 206, 1, 2, 16, 0, 656 
1230394, 2, 207, 2, 2, 8, 0, 782 
1230394, 2, 208, 2, 1, 8, 0, 610 
1230394, 2, 209, 1, 2, 4, 0, 615 
1230394, 2, 210, 1, 1, 8, 0, 967 
1230394, 2, 211, 1, 1, 16, 1, 726 
1230394, 2, 212, 2, 2, 8, 0, 588 
1230394, 2, 213, 2, 2, 4, 1, 597 
1230394, 2, 214, 2, 2, 16, 0, 587 
1230394, 2, 215, 2, 1, 4, 0, 585 
1230394, 2, 216, 1, 1, 16, 0, 792 
1230394, 2, 217, 2, 1, 16, 0, 740 
1230394, 2, 218, 1, 1, 8, 0, 623 
1230394, 2, 219, 2, 1, 8, 0, 613 
1230394, 2, 220, 1, 2, 8, 1, 600 
1230394, 2, 221, 2, 2, 8, 0, 628 
1230394, 2, 222, 1, 1, 8, 0, 570 
1230394, 2, 223, 1, 2, 8, 0, 655 
1230394, 2, 224, 2, 1, 4, 0, 601 
1230394, 2, 225, 1, 2, 8, 0, 554 
1230394, 2, 226, 1, 1, 16, 0, 573 
1230394, 2, 227, 1, 2, 4, 0, 584 
1230394, 2, 228, 2, 1, 8, 0, 824 
1230394, 2, 229, 1, 2, 16, 0, 603 
1230394, 2, 230, 1, 2, 4, 0, 749 
1230394, 2, 231, 2, 1, 16, 0, 689 
1230394, 2, 232, 1, 1, 4, 0, 553 
1230394, 2, 233, 2, 2, 4, 0, 618 
1230394, 2, 234, 1, 1, 8, 0, 845 
1230394, 2, 235, 1, 1, 16, 0, 659 
1230394, 2, 236, 1, 2, 4, 0, 626 
1230394, 2, 237, 2, 1, 16, 0, 1028 
1230394, 2, 238, 1, 2, 16, 0, 568 
1230394, 2, 239, 1, 1, 4, 0, 502 
1230394, 2, 240, 1, 1, 16, 0, 471 

